[0.00000000e+00 0.00000000e+00 0.00000000e+00 0.00000000e+00
 0.00000000e+00 0.00000000e+00 0.00000000e+00 0.00000000e+00
 0.00000000e+00 0.00000000e+00 0.00000000e+00 0.00000000e+00
 0.00000000e+00 0.00000000e+00 0.00000000e+00 0.00000000e+00
 0.00000000e+00 0.00000000e+00 0.00000000e+00 0.00000000e+00
 0.00000000e+00 0.00000000e+00 0.00000000e+00 0.00000000e+00
 0.00000000e+00 0.00000000e+00 0.00000000e+00 0.00000000e+00
 0.00000000e+00 0.00000000e+00 0.00000000e+00 0.00000000e+00
 0.00000000e+00 0.00000000e+00 0.00000000e+00 0.00000000e+00
 0.00000000e+00 0.00000000e+00 0.00000000e+00 0.00000000e+00
 0.00000000e+00 0.00000000e+00 0.00000000e+00 0.00000000e+00
 0.00000000e+00 0.00000000e+00 0.00000000e+00 0.00000000e+00
 0.00000000e+00 0.00000000e+00 0.00000000e+00 0.00000000e+00
 0.00000000e+00 0.00000000e+00 0.00000000e+00 0.00000000e+00
 1.36605056e+02 2.99135158e+02 4.61665261e+02 6.24195364e+02
 7.86725466e+02 9.49255569e+02 1.11178567e+03 1.27431577e+03
 1.43684588e+03 1.59937598e+03 1.76190608e+03 1.92443619e+03
 2.08696629e+03 2.24949639e+03 2.41202649e+03 2.57455660e+03
 2.73708670e+03 2.89961680e+03 3.06214690e+03 3.22467701e+03
 3.38720711e+03 3.54973721e+03 3.71226731e+03 3.87479742e+03
 4.03732752e+03 4.19985762e+03 4.36238773e+03 4.52491783e+03
 4.68744793e+03 4.84997803e+03 5.01250814e+03 5.17503824e+03
 5.33756834e+03 5.50009844e+03 5.66262855e+03 5.82515865e+03
 5.98768875e+03 6.15021886e+03 6.31274896e+03 6.47527906e+03
 6.63780916e+03 6.80033927e+03 6.96286937e+03 7.12539947e+03
 7.28792957e+03 7.45045968e+03 7.61298978e+03 7.77551988e+03
 7.93804999e+03 8.10058009e+03 8.26311019e+03 8.42564029e+03
 8.58817040e+03 8.75070050e+03 8.91323060e+03 9.07576070e+03
 9.23829081e+03 9.40082091e+03 9.56335101e+03 9.72588111e+03
 9.88841122e+03 1.00509413e+04 1.02134714e+04 1.03760015e+04
 1.05385316e+04 1.07010617e+04 1.08635918e+04 1.10261219e+04
 1.11886520e+04 1.13511821e+04 1.15137122e+04 1.16762423e+04
 1.18387724e+04 1.20013026e+04 1.21638327e+04 1.23263628e+04
 1.24888929e+04 1.26514230e+04 1.28139531e+04 1.29764832e+04
 1.31390133e+04 1.33015434e+04 1.34640735e+04 1.36266036e+04
 1.37891337e+04 1.39516638e+04 1.41141939e+04 1.42767240e+04
 1.44392541e+04 1.46017842e+04 1.47643143e+04 1.49268444e+04
 1.50893745e+04 1.52519046e+04 1.54144347e+04 1.55769648e+04
 1.57394949e+04 1.59020250e+04 1.60645551e+04 1.62270852e+04
 1.63896153e+04 1.65521454e+04 1.67146755e+04 1.68772056e+04
 1.70397357e+04 1.72022658e+04 1.73647959e+04 1.75273260e+04
 1.76898561e+04 1.78523862e+04 1.80149164e+04 1.81774465e+04
 1.83399766e+04 1.85025067e+04 1.86650368e+04 1.88275669e+04
 1.89900970e+04 1.91526271e+04 1.93151572e+04 1.94776873e+04
 1.96402174e+04 1.98027475e+04 1.99652776e+04 2.01278077e+04
 2.02903378e+04 2.04528679e+04 2.06153980e+04 2.07779281e+04
 2.09404582e+04 2.11029883e+04 2.12655184e+04 2.14280485e+04
 2.15905786e+04 2.17531087e+04 2.19156388e+04 2.20781689e+04
 2.22406990e+04 2.24032291e+04 2.25657592e+04 2.27282893e+04
 2.28908194e+04 2.30533495e+04 2.32158796e+04 2.33784097e+04
 2.35409398e+04 2.37034699e+04 2.38660000e+04 2.40285302e+04
 2.41910603e+04 2.43535904e+04 2.45161205e+04 2.46786506e+04
 2.48411807e+04 2.50037108e+04 2.51662409e+04 2.53287710e+04
 2.54913011e+04 2.56538312e+04 2.58163613e+04 2.59788914e+04
 2.61414215e+04 2.63039516e+04 2.64664817e+04 2.66290118e+04
 2.67915419e+04 2.69540720e+04 2.71166021e+04 2.72791322e+04
 2.74416623e+04 2.76041924e+04 2.77667225e+04 2.79292526e+04
 2.80917827e+04 2.82543128e+04 2.84168429e+04 2.85793730e+04
 2.87419031e+04 2.89044332e+04 2.90669633e+04 2.92294934e+04
 2.93920235e+04 2.95545536e+04 2.97170837e+04 2.98796138e+04
 3.00421440e+04 3.02046741e+04 3.03672042e+04 3.05297343e+04
 3.06922644e+04 3.08547945e+04 3.10173246e+04 3.11798547e+04
 3.13423848e+04 3.15049149e+04 3.16674450e+04 3.18299751e+04
 3.19925052e+04 3.21550353e+04 3.23175654e+04 3.24800955e+04
 3.26426256e+04 3.28051557e+04 3.29676858e+04 3.31302159e+04
 3.32927460e+04 3.34552761e+04 3.36178062e+04 3.37803363e+04
 3.39428664e+04 3.41053965e+04 3.42679266e+04 3.44304567e+04
 3.45929868e+04 3.47555169e+04 3.49180470e+04 3.50805771e+04
 3.52431072e+04 3.54056373e+04 3.55681674e+04 3.57306975e+04
 3.58932276e+04 3.60557578e+04 3.62182879e+04 3.63808180e+04
 3.65433481e+04 3.67058782e+04 3.68684083e+04 3.70309384e+04
 3.71934685e+04 3.73559986e+04 3.75185287e+04 3.76810588e+04
 3.78435889e+04 3.80061190e+04 3.81686491e+04 3.83311792e+04
 3.84937093e+04 3.86562394e+04 3.88187695e+04 3.89812996e+04
 3.91438297e+04 3.93063598e+04 3.94688899e+04 3.96314200e+04
 3.97939501e+04 3.99564802e+04 4.01190103e+04 4.02815404e+04
 4.04440705e+04 4.06066006e+04 4.07691307e+04 4.09316608e+04
 4.10941909e+04 4.12567210e+04 4.14192511e+04 4.15817812e+04
 4.17443113e+04 4.19068414e+04 4.20693716e+04 4.22319017e+04
 4.23944318e+04 4.25569619e+04 4.27194920e+04 4.28820221e+04
 4.30445522e+04 4.32070823e+04 4.33696124e+04 4.35321425e+04
 4.36946726e+04 4.38572027e+04 4.40197328e+04 4.41822629e+04
 4.43447930e+04 4.45073231e+04 4.46698532e+04 4.48323833e+04
 4.49949134e+04 4.51574435e+04 4.53199736e+04 4.54825037e+04
 4.56450338e+04 4.58075639e+04 4.59700940e+04 4.61326241e+04
 4.62951542e+04 4.64576843e+04 4.66202144e+04 4.67827445e+04
 4.69452746e+04 4.71078047e+04 4.72703348e+04 4.74328649e+04
 4.75953950e+04 4.77579251e+04 4.79204552e+04 4.80829854e+04
 4.82455155e+04 4.84080456e+04 4.85705757e+04 4.87331058e+04
 4.88956359e+04 4.90581660e+04 4.92206961e+04 4.93832262e+04
 4.95457563e+04 4.97082864e+04 4.98708165e+04 5.00333466e+04
 5.01958767e+04 5.03584068e+04 5.05209369e+04 5.06834670e+04
 5.08459971e+04 5.10085272e+04 5.11710573e+04 5.13335874e+04
 5.14961175e+04 5.16586476e+04 5.18211777e+04 5.19837078e+04
 5.21462379e+04 5.23087680e+04 5.24712981e+04 5.26338282e+04
 5.27963583e+04 5.29588884e+04 5.31214185e+04 5.32839486e+04
 5.34464787e+04 5.36090088e+04 5.37715389e+04 5.39340690e+04
 5.40965992e+04 5.42591293e+04 5.44216594e+04 5.45841895e+04
 5.47467196e+04 5.49092497e+04 5.50717798e+04 5.52343099e+04
 5.53968400e+04 5.55593701e+04 5.57219002e+04 5.58844303e+04
 5.60469604e+04 5.62094905e+04 5.63720206e+04 5.65345507e+04
 5.66970808e+04 5.68596109e+04 5.70221410e+04 5.71846711e+04
 5.73472012e+04 5.75097313e+04 5.76722614e+04 5.78347915e+04
 5.78668445e+04 5.78277282e+04 5.77886119e+04 5.77494955e+04
 5.77103792e+04 5.76712629e+04 5.76321465e+04 5.75930302e+04
 5.75539139e+04 5.75147975e+04 5.74756812e+04 5.74365649e+04
 5.73974486e+04 5.73583322e+04 5.73192159e+04 5.72800996e+04
 5.72409832e+04 5.72018669e+04 5.71627506e+04 5.71236342e+04
 5.70845179e+04 5.70454016e+04 5.70062853e+04 5.69671689e+04
 5.69280526e+04 5.68889363e+04 5.68498199e+04 5.68107036e+04
 5.67715873e+04 5.67324709e+04 5.66933546e+04 5.66542383e+04
 5.66151220e+04 5.65760056e+04 5.65368893e+04 5.64977730e+04
 5.64586566e+04 5.64195403e+04 5.63804240e+04 5.63413077e+04
 5.63021913e+04 5.62630750e+04 5.62239587e+04 5.61848423e+04
 5.61457260e+04 5.61066097e+04 5.60674933e+04 5.60283770e+04
 5.59892607e+04 5.59501444e+04 5.58626717e+04 5.55461319e+04
 5.52295922e+04 5.49130525e+04 5.45965128e+04 5.42799731e+04
 5.39634334e+04 5.36468937e+04 5.33303540e+04 5.30138143e+04
 5.26972746e+04 5.23807348e+04 5.20641951e+04 5.17476554e+04
 5.14311157e+04 5.11145760e+04 5.07980363e+04 5.04814966e+04
 5.01649569e+04 4.98484172e+04 4.95318774e+04 4.92153377e+04
 4.88987980e+04 4.85822583e+04 4.82657186e+04 4.79491789e+04
 4.76326392e+04 4.73160995e+04 4.69995598e+04 4.66830201e+04
 4.63664803e+04 4.60499406e+04 4.57334009e+04 4.54168612e+04
 4.51003215e+04 4.47837818e+04 4.44672421e+04 4.41507024e+04
 4.38341627e+04 4.35176229e+04 4.32010832e+04 4.28845435e+04
 4.25680038e+04 4.22514641e+04 4.19349244e+04 4.16183847e+04
 4.13018450e+04 4.09853053e+04 4.06687656e+04 4.03522258e+04
 4.00356861e+04 3.98795301e+04 3.97916032e+04 3.97036763e+04
 3.96157494e+04 3.95278225e+04 3.94398956e+04 3.93519687e+04
 3.92640418e+04 3.91761149e+04 3.90881880e+04 3.90002611e+04
 3.89123342e+04 3.88244073e+04 3.87364804e+04 3.86485535e+04
 3.85606266e+04 3.84726997e+04 3.83847728e+04 3.82968459e+04
 3.82089190e+04 3.81209921e+04 3.80330652e+04 3.79451383e+04
 3.78572114e+04 3.77692845e+04 3.76813576e+04 3.75934307e+04
 3.75055038e+04 3.74175769e+04 3.73296500e+04 3.72417231e+04
 3.71537962e+04 3.70658693e+04 3.69779424e+04 3.68900155e+04
 3.68020886e+04 3.67141617e+04 3.66262348e+04 3.65383079e+04
 3.64503810e+04 3.63624541e+04 3.62745272e+04 3.61866003e+04
 3.60986734e+04 3.60107465e+04 3.59228196e+04 3.58348927e+04
 3.57469658e+04 3.56590389e+04 3.55711120e+04 3.54831851e+04
 3.53952582e+04 3.53073313e+04 3.52194044e+04 3.51314775e+04
 3.50435506e+04 3.49556237e+04 3.48676968e+04 3.47797699e+04
 3.46918430e+04 3.46039161e+04 3.45159892e+04 3.44280623e+04
 3.43401354e+04 3.42522085e+04 3.41642815e+04 3.40763546e+04
 3.39884277e+04 3.39005008e+04 3.38125739e+04 3.37246470e+04
 3.36367201e+04 3.35487932e+04 3.34608663e+04 3.33729394e+04
 3.32850125e+04 3.31970856e+04 3.31091587e+04 3.30212318e+04
 3.29333049e+04 3.28453780e+04 3.27574511e+04 3.26695242e+04
 3.25815973e+04 3.24936704e+04 3.24057435e+04 3.23178166e+04
 3.22298897e+04 3.21419628e+04 3.20540359e+04 3.19661090e+04
 3.18781821e+04 3.17902552e+04 3.17023283e+04 3.16144014e+04
 3.15264745e+04 3.14385476e+04 3.13506207e+04 3.12626938e+04
 3.11747669e+04 3.10868400e+04 3.09989131e+04 3.09109862e+04
 3.08230593e+04 3.07351324e+04 3.06472055e+04 3.05592786e+04
 3.04713517e+04 3.03834248e+04 3.02954979e+04 3.02075710e+04
 3.01196441e+04 3.00317172e+04 2.99437903e+04 2.98558634e+04
 2.97679365e+04 2.96800096e+04 2.95920827e+04 2.95041558e+04
 2.94162289e+04 2.93283020e+04 2.92403751e+04 2.91524482e+04
 2.90645213e+04 2.89765944e+04 2.88886675e+04 2.88007406e+04
 2.87128137e+04 2.86248868e+04 2.85369599e+04 2.84490330e+04
 2.83611061e+04 2.82731792e+04 2.81852523e+04 2.80973253e+04
 2.80093984e+04 2.79214715e+04 2.78335446e+04 2.77456177e+04
 2.76576908e+04 2.75697639e+04 2.74818370e+04 2.73939101e+04
 2.73059832e+04 2.72180563e+04 2.71301294e+04 2.70422025e+04
 2.69542756e+04 2.68663487e+04 2.67784218e+04 2.66904949e+04
 2.66025680e+04 2.65146411e+04 2.64267142e+04 2.63387873e+04
 2.62508604e+04 2.61629335e+04 2.60750066e+04 2.59870797e+04
 2.58991528e+04 2.58112259e+04 2.57232990e+04 2.56353721e+04
 2.55474452e+04 2.54595183e+04 2.53715914e+04 2.52836645e+04
 2.51957376e+04 2.51078107e+04 2.50198838e+04 2.49319569e+04
 2.48440300e+04 2.47561031e+04 2.46681762e+04 2.45802493e+04
 2.44923224e+04 2.44043955e+04 2.43164686e+04 2.42285417e+04
 2.41406148e+04 2.40526879e+04 2.39647610e+04 2.38768341e+04
 2.37889072e+04 2.37009803e+04 2.36130534e+04 2.35251265e+04
 2.34371996e+04 2.33492727e+04 2.32613458e+04 2.31734189e+04
 2.30854920e+04 2.29975651e+04 2.29096382e+04 2.28217113e+04
 2.27337844e+04 2.26458575e+04 2.25579306e+04 2.24700037e+04
 2.23820768e+04 2.22941499e+04 2.22062230e+04 2.21182961e+04
 2.20303692e+04 2.19424422e+04 2.18545153e+04 2.17665884e+04
 2.16786615e+04 2.15907346e+04 2.15028077e+04 2.14148808e+04
 2.13269539e+04 2.12390270e+04 2.11511001e+04 2.10631732e+04
 2.09752463e+04 2.08873194e+04 2.07993925e+04 2.07114656e+04
 2.06235387e+04 2.05356118e+04 2.04476849e+04 2.03597580e+04
 2.02718311e+04 2.01839042e+04 2.00959773e+04 2.00080504e+04
 1.99201235e+04 1.98321966e+04 1.97442697e+04 1.96563428e+04
 1.95684159e+04 1.94804890e+04 1.93925621e+04 1.93046352e+04
 1.92167083e+04 1.91287814e+04 1.90408545e+04 1.89529276e+04
 1.88650007e+04 1.87770738e+04 1.86891469e+04 1.86012200e+04
 1.85132931e+04 1.84253662e+04 1.83374393e+04 1.82495124e+04
 1.81615855e+04 1.80736586e+04 1.79857317e+04 1.78978048e+04
 1.78098779e+04 1.77219510e+04 1.76340241e+04 1.75460972e+04
 1.74581703e+04 1.73702434e+04 1.72823165e+04 1.71943896e+04
 1.71064627e+04 1.70185358e+04 1.69306089e+04 1.68426820e+04
 1.67547551e+04 1.66668282e+04 1.65789013e+04 1.64909744e+04
 1.64030475e+04 1.63151206e+04 1.62271937e+04 1.61392668e+04
 1.60513399e+04 1.59634130e+04 1.58754860e+04 1.57875591e+04
 1.56996322e+04 1.56117053e+04 1.55237784e+04 1.54358515e+04
 1.53479246e+04 1.52599977e+04 1.51720708e+04 1.50841439e+04
 1.49962170e+04 1.49082901e+04 1.48203632e+04 1.47324363e+04
 1.46445094e+04 1.45565825e+04 1.44686556e+04 1.43807287e+04
 1.42928018e+04 1.42048749e+04 1.41169480e+04 1.40290211e+04
 1.39410942e+04 1.38531673e+04 1.37652404e+04 1.36773135e+04
 1.35893866e+04 1.35014597e+04 1.34135328e+04 1.33256059e+04
 1.32376790e+04 1.31497521e+04 1.30618252e+04 1.29738983e+04
 1.28859714e+04 1.27980445e+04 1.27101176e+04 1.26221907e+04
 1.25342638e+04 1.24463369e+04 1.23584100e+04 1.22704831e+04
 1.21825562e+04 1.20946293e+04 1.20067024e+04 1.19187755e+04
 1.18308486e+04 1.17429217e+04 1.16549948e+04 1.15670679e+04
 1.14791410e+04 1.13912141e+04 1.13032872e+04 1.12153603e+04
 1.11274334e+04 1.10395065e+04 1.09515796e+04 1.08636527e+04
 1.07757258e+04 1.06877989e+04 1.05998720e+04 1.05119451e+04
 1.04240182e+04 1.03360913e+04 1.02481644e+04 1.01602375e+04
 1.00723106e+04 9.98438365e+03 9.89645675e+03 9.80852985e+03
 9.72060295e+03 9.63267605e+03 9.54474915e+03 9.45682224e+03
 9.36889534e+03 9.28096844e+03 9.19304154e+03 9.10511464e+03
 9.01718774e+03 8.92926084e+03 8.84133393e+03 8.75340703e+03
 8.66548013e+03 8.57755323e+03 8.48962633e+03 8.40169943e+03
 8.31377252e+03 8.22584562e+03 8.13791872e+03 8.04999182e+03
 7.96206492e+03 7.87413802e+03 7.78621112e+03 7.69828421e+03
 7.61035731e+03 7.52243041e+03 7.43450351e+03 7.34657661e+03
 7.25864971e+03 7.17072281e+03 7.08279590e+03 6.99486900e+03
 6.90694210e+03 6.81901520e+03 6.73108830e+03 6.64316140e+03
 6.55523450e+03 6.46730759e+03 6.37938069e+03 6.29145379e+03
 6.20352689e+03 6.11559999e+03 6.02767309e+03 5.93974619e+03
 5.85181928e+03 5.76389238e+03 5.67596548e+03 5.58803858e+03
 5.50011168e+03 5.41218478e+03 5.32425788e+03 5.23633097e+03
 5.14840407e+03 5.06047717e+03 4.97255027e+03 4.88462337e+03
 4.79669647e+03 4.70876957e+03 4.62084266e+03 4.53291576e+03
 4.44498886e+03 4.35706196e+03 4.26913506e+03 4.18120816e+03
 4.09328126e+03 4.00535435e+03 3.91742745e+03 3.82950055e+03
 3.74157365e+03 3.65364675e+03 3.56571985e+03 3.47779295e+03
 3.38986604e+03 3.30193914e+03 3.21401224e+03 3.12608534e+03
 3.03815844e+03 2.95023154e+03 2.86230464e+03 2.77437773e+03
 2.68645083e+03 2.59852393e+03 2.51059703e+03 2.42267013e+03
 2.33474323e+03 2.24681633e+03 2.15888942e+03 2.07096252e+03
 1.98303562e+03 1.89510872e+03 1.80718182e+03 1.71925492e+03
 1.63132802e+03 1.54340111e+03 1.45547421e+03 1.36754731e+03
 1.27962041e+03 1.19169351e+03 1.10376661e+03 1.01583971e+03
 9.27912804e+02 8.39985902e+02 7.52059001e+02 6.64132099e+02
 5.76205198e+02 4.88278296e+02 4.00351395e+02 3.12424494e+02
 2.24497592e+02 1.36570691e+02 4.86437892e+01 1.30967237e-10
 8.73114914e-11 8.73114914e-11 1.16415322e-10 7.27595761e-11
 1.01863407e-10 1.16415322e-10 7.27595761e-11 1.01863407e-10
 1.01863407e-10 1.01863407e-10 1.01863407e-10 1.01863407e-10
 7.27595761e-11 8.73114914e-11 1.01863407e-10 8.73114914e-11
 8.73114914e-11 8.73114914e-11 8.73114914e-11 8.73114914e-11
 1.16415322e-10 8.73114914e-11 8.73114914e-11 1.16415322e-10
 7.27595761e-11 1.01863407e-10 1.01863407e-10 1.01863407e-10
 1.16415322e-10 1.01863407e-10 8.73114914e-11 1.01863407e-10]