[ 0.00000000e+00  1.79378201e-02  7.17512806e-02  1.61440381e-01
  2.87005122e-01  4.48445504e-01  6.45761525e-01  8.78953187e-01
  1.14802049e+00  1.45296343e+00  1.79378201e+00  2.17047624e+00
  2.58304610e+00  3.03149160e+00  3.51581275e+00  4.03600953e+00
  4.59208196e+00  5.18403002e+00  5.81185373e+00  6.47555307e+00
  7.17512806e+00  7.91057868e+00  8.68190495e+00  9.48910686e+00
  1.03321844e+01  1.12111376e+01  1.21259664e+01  1.30766709e+01
  1.40632510e+01  1.50857067e+01  1.61440381e+01  1.72382452e+01
  1.83683278e+01  1.95342861e+01  2.07361201e+01  2.19738297e+01
  2.32474149e+01  2.45568758e+01  2.59022123e+01  2.72834244e+01
  2.87005122e+01  3.01534757e+01  3.16423147e+01  3.31670294e+01
  3.47276198e+01  3.63240858e+01  3.79564274e+01  3.96246447e+01
  4.13287376e+01  4.30687062e+01  4.48445504e+01  4.66562702e+01
  4.85038657e+01  5.03873368e+01  5.23066835e+01  5.42619059e+01
 -4.14092102e+00 -7.39694931e+01 -1.43762190e+02 -2.13519010e+02
 -2.83239956e+02 -3.52925025e+02 -4.22574219e+02 -4.92187537e+02
 -5.61764980e+02 -6.31306547e+02 -7.00812238e+02 -7.70282054e+02
 -8.39715994e+02 -9.09114059e+02 -9.78476247e+02 -1.04780256e+03
 -1.11709300e+03 -1.18634756e+03 -1.25556625e+03 -1.32474906e+03
 -1.39389599e+03 -1.46300705e+03 -1.53208223e+03 -1.60112154e+03
 -1.67012498e+03 -1.73909253e+03 -1.80802421e+03 -1.87692002e+03
 -1.94577995e+03 -2.01460400e+03 -2.08339218e+03 -2.15214448e+03
 -2.22086091e+03 -2.28954146e+03 -2.35818614e+03 -2.42679494e+03
 -2.49536786e+03 -2.56390491e+03 -2.63240609e+03 -2.70087138e+03
 -2.76930081e+03 -2.83769435e+03 -2.90605202e+03 -2.97437382e+03
 -3.04265974e+03 -3.11090978e+03 -3.17912395e+03 -3.24730224e+03
 -3.31544466e+03 -3.38355120e+03 -3.45162187e+03 -3.51965666e+03
 -3.58765557e+03 -3.65561861e+03 -3.72354577e+03 -3.79143706e+03
 -3.85929247e+03 -3.92711201e+03 -3.99489567e+03 -4.06264346e+03
 -4.13035536e+03 -4.19803140e+03 -4.26567156e+03 -4.33327584e+03
 -4.40084425e+03 -4.46837678e+03 -4.53587343e+03 -4.60333421e+03
 -4.67075912e+03 -4.73814814e+03 -4.80550130e+03 -4.87281858e+03
 -4.94009998e+03 -5.00734550e+03 -5.07455515e+03 -5.14172893e+03
 -5.20886683e+03 -5.27596885e+03 -5.34303500e+03 -5.41006527e+03
 -5.47705967e+03 -5.54401819e+03 -5.61094083e+03 -5.67782760e+03
 -5.74467850e+03 -5.81149352e+03 -5.87827266e+03 -5.94501592e+03
 -6.01172332e+03 -6.07839483e+03 -6.14503047e+03 -6.21163024e+03
 -6.27819413e+03 -6.34472214e+03 -6.41121428e+03 -6.47767054e+03
 -6.54409092e+03 -6.61047544e+03 -6.67682407e+03 -6.74313683e+03
 -6.80941371e+03 -6.87565472e+03 -6.94185985e+03 -7.00802911e+03
 -7.07416249e+03 -7.14026000e+03 -7.20632163e+03 -7.27234738e+03
 -7.33833726e+03 -7.40429126e+03 -7.47020939e+03 -7.53609164e+03
 -7.60193802e+03 -7.66774852e+03 -7.73352314e+03 -7.79926189e+03
 -7.86496477e+03 -7.93063176e+03 -7.99626289e+03 -8.06185813e+03
 -8.12741750e+03 -8.19294100e+03 -8.25842862e+03 -8.32388036e+03
 -8.38929623e+03 -8.45467622e+03 -8.52002034e+03 -8.58532858e+03
 -8.65060095e+03 -8.71583744e+03 -8.78103805e+03 -8.84620279e+03
 -8.91133165e+03 -8.97642464e+03 -9.04148175e+03 -9.10650299e+03
 -9.17148835e+03 -9.23643784e+03 -9.30135145e+03 -9.36622918e+03
 -9.43107104e+03 -9.49587702e+03 -9.56064713e+03 -9.62538136e+03
 -9.69007971e+03 -9.75474219e+03 -9.81936880e+03 -9.88395953e+03
 -9.94851438e+03 -1.00130334e+04 -1.00775165e+04 -1.01419637e+04
 -1.02063750e+04 -1.02707505e+04 -1.03350901e+04 -1.03993938e+04
 -1.04636617e+04 -1.05278937e+04 -1.05920897e+04 -1.06562500e+04
 -1.07203743e+04 -1.07844628e+04 -1.08485154e+04 -1.09125321e+04
 -1.09765129e+04 -1.10404579e+04 -1.11043670e+04 -1.11682402e+04
 -1.12320776e+04 -1.12958790e+04 -1.13596446e+04 -1.14233743e+04
 -1.14870682e+04 -1.15507261e+04 -1.16143482e+04 -1.16779344e+04
 -1.17414848e+04 -1.18049992e+04 -1.18684778e+04 -1.19319205e+04
 -1.19953273e+04 -1.20586983e+04 -1.21220334e+04 -1.21853326e+04
 -1.22485959e+04 -1.23118234e+04 -1.23750149e+04 -1.24381706e+04
 -1.25012905e+04 -1.25643744e+04 -1.26274225e+04 -1.26904347e+04
 -1.27534110e+04 -1.28163515e+04 -1.28792560e+04 -1.29421247e+04
 -1.30049576e+04 -1.30677545e+04 -1.31305156e+04 -1.31932408e+04
 -1.32559301e+04 -1.33185835e+04 -1.33812011e+04 -1.34437828e+04
 -1.35063286e+04 -1.35688386e+04 -1.36313126e+04 -1.36937508e+04
 -1.37561531e+04 -1.38185196e+04 -1.38808501e+04 -1.39431448e+04
 -1.40054036e+04 -1.40676266e+04 -1.41298136e+04 -1.41919648e+04
 -1.42540801e+04 -1.43161596e+04 -1.43782031e+04 -1.44402108e+04
 -1.45021826e+04 -1.45641185e+04 -1.46260186e+04 -1.46878828e+04
 -1.47497111e+04 -1.48115035e+04 -1.48732601e+04 -1.49349807e+04
 -1.49966655e+04 -1.50583145e+04 -1.51199275e+04 -1.51815047e+04
 -1.52430460e+04 -1.53045514e+04 -1.53660210e+04 -1.54274546e+04
 -1.54888524e+04 -1.55502144e+04 -1.56115404e+04 -1.56728306e+04
 -1.57340849e+04 -1.57953033e+04 -1.58564858e+04 -1.59176325e+04
 -1.59787433e+04 -1.60398182e+04 -1.61008572e+04 -1.61618604e+04
 -1.62228277e+04 -1.62837591e+04 -1.63446546e+04 -1.64055143e+04
 -1.64663381e+04 -1.65271260e+04 -1.65878780e+04 -1.66485942e+04
 -1.67092745e+04 -1.67699189e+04 -1.68305274e+04 -1.68911001e+04
 -1.69516369e+04 -1.70121378e+04 -1.70726028e+04 -1.71330320e+04
 -1.71934252e+04 -1.72537826e+04 -1.73141042e+04 -1.73743898e+04
 -1.74346396e+04 -1.74948535e+04 -1.75550315e+04 -1.76151737e+04
 -1.76752799e+04 -1.77353503e+04 -1.77953849e+04 -1.78553835e+04
 -1.79153463e+04 -1.79752732e+04 -1.80351642e+04 -1.80950193e+04
 -1.81548386e+04 -1.82146220e+04 -1.82743695e+04 -1.83340812e+04
 -1.83937569e+04 -1.84533968e+04 -1.85130008e+04 -1.85725690e+04
 -1.86321012e+04 -1.86915976e+04 -1.87510581e+04 -1.88104828e+04
 -1.88698715e+04 -1.89292244e+04 -1.89885414e+04 -1.90478226e+04
 -1.91070678e+04 -1.91662772e+04 -1.92254507e+04 -1.92845883e+04
 -1.93436901e+04 -1.94027560e+04 -1.94617860e+04 -1.95207801e+04
 -1.95797384e+04 -1.96386607e+04 -1.96975472e+04 -1.97563979e+04
 -1.98152126e+04 -1.98739915e+04 -1.99327345e+04 -1.99914416e+04
 -2.00501129e+04 -2.01087482e+04 -2.01673477e+04 -2.02259113e+04
 -2.02844391e+04 -2.03429310e+04 -2.04013870e+04 -2.04598071e+04
 -2.05181913e+04 -2.05765397e+04 -2.06348522e+04 -2.06931288e+04
 -2.07513695e+04 -2.08095744e+04 -2.08677434e+04 -2.09258765e+04
 -2.09839737e+04 -2.10420351e+04 -2.11000606e+04 -2.11580502e+04
 -2.12160039e+04 -2.12739218e+04 -2.13318038e+04 -2.13896499e+04
 -2.14474601e+04 -2.15052345e+04 -2.15629730e+04 -2.16206756e+04
 -2.16783423e+04 -2.17359731e+04 -2.17935681e+04 -2.18511272e+04
 -2.19086505e+04 -2.19661378e+04 -2.20235893e+04 -2.20810049e+04
 -2.21383846e+04 -2.21957285e+04 -2.22530364e+04 -2.23103085e+04
 -2.23675448e+04 -2.24247451e+04 -2.24819096e+04 -2.25390382e+04
 -2.25324929e+04 -2.24912003e+04 -2.24498717e+04 -2.24085072e+04
 -2.23671069e+04 -2.23256707e+04 -2.22841987e+04 -2.22426907e+04
 -2.22011469e+04 -2.21595672e+04 -2.21179516e+04 -2.20763002e+04
 -2.20346128e+04 -2.19928896e+04 -2.19511306e+04 -2.19093356e+04
 -2.18675048e+04 -2.18256381e+04 -2.17837355e+04 -2.17417971e+04
 -2.16998227e+04 -2.16578125e+04 -2.16157664e+04 -2.15736845e+04
 -2.15315667e+04 -2.14894129e+04 -2.14472234e+04 -2.14049979e+04
 -2.13627366e+04 -2.13204394e+04 -2.12781063e+04 -2.12357373e+04
 -2.11933325e+04 -2.11508918e+04 -2.11084152e+04 -2.10659027e+04
 -2.10233544e+04 -2.09807702e+04 -2.09381501e+04 -2.08954941e+04
 -2.08528023e+04 -2.08100745e+04 -2.07673109e+04 -2.07245115e+04
 -2.06816761e+04 -2.06388049e+04 -2.05958978e+04 -2.05529548e+04
 -2.05099760e+04 -2.04669613e+04 -2.04084462e+04 -2.02766393e+04
 -2.01447965e+04 -2.00129178e+04 -1.98810033e+04 -1.97490529e+04
 -1.96170666e+04 -1.94850444e+04 -1.93529863e+04 -1.92208924e+04
 -1.90887626e+04 -1.89565969e+04 -1.88243954e+04 -1.86921579e+04
 -1.85598846e+04 -1.84275754e+04 -1.82952304e+04 -1.81628495e+04
 -1.80304326e+04 -1.78979800e+04 -1.77654914e+04 -1.76329670e+04
 -1.75004067e+04 -1.73678105e+04 -1.72351784e+04 -1.71025105e+04
 -1.69698067e+04 -1.68370670e+04 -1.67042914e+04 -1.65714800e+04
 -1.64386326e+04 -1.63057494e+04 -1.61728304e+04 -1.60398754e+04
 -1.59068846e+04 -1.57738579e+04 -1.56407954e+04 -1.55076969e+04
 -1.53745626e+04 -1.52413924e+04 -1.51081863e+04 -1.49749444e+04
 -1.48416665e+04 -1.47083528e+04 -1.45750033e+04 -1.44416178e+04
 -1.43081965e+04 -1.41747393e+04 -1.40412462e+04 -1.39077173e+04
 -1.37741524e+04 -1.37187761e+04 -1.36966414e+04 -1.36744709e+04
 -1.36522645e+04 -1.36300222e+04 -1.36077440e+04 -1.35854300e+04
 -1.35630801e+04 -1.35406943e+04 -1.35182726e+04 -1.34958151e+04
 -1.34733216e+04 -1.34507923e+04 -1.34282272e+04 -1.34056261e+04
 -1.33829892e+04 -1.33603164e+04 -1.33376077e+04 -1.33148632e+04
 -1.32920827e+04 -1.32692664e+04 -1.32464143e+04 -1.32235262e+04
 -1.32006023e+04 -1.31776425e+04 -1.31546468e+04 -1.31316153e+04
 -1.31085478e+04 -1.30854445e+04 -1.30623053e+04 -1.30391303e+04
 -1.30159193e+04 -1.29926725e+04 -1.29693899e+04 -1.29460713e+04
 -1.29227169e+04 -1.28993266e+04 -1.28759004e+04 -1.28524383e+04
 -1.28289404e+04 -1.28054066e+04 -1.27818369e+04 -1.27582313e+04
 -1.27345899e+04 -1.27109125e+04 -1.26871994e+04 -1.26634503e+04
 -1.26396653e+04 -1.26158445e+04 -1.25919878e+04 -1.25680953e+04
 -1.25441668e+04 -1.25202025e+04 -1.24962023e+04 -1.24721662e+04
 -1.24480943e+04 -1.24239865e+04 -1.23998428e+04 -1.23756632e+04
 -1.23514477e+04 -1.23271964e+04 -1.23029092e+04 -1.22785861e+04
 -1.22542272e+04 -1.22298323e+04 -1.22054016e+04 -1.21809351e+04
 -1.21564326e+04 -1.21318943e+04 -1.21073201e+04 -1.20827100e+04
 -1.20580640e+04 -1.20333822e+04 -1.20086645e+04 -1.19839109e+04
 -1.19591214e+04 -1.19342961e+04 -1.19094349e+04 -1.18845378e+04
 -1.18596048e+04 -1.18346360e+04 -1.18096313e+04 -1.17845907e+04
 -1.17595142e+04 -1.17344019e+04 -1.17092537e+04 -1.16840696e+04
 -1.16588496e+04 -1.16335938e+04 -1.16083020e+04 -1.15829744e+04
 -1.15576110e+04 -1.15322116e+04 -1.15067764e+04 -1.14813053e+04
 -1.14557983e+04 -1.14302555e+04 -1.14046768e+04 -1.13790622e+04
 -1.13534117e+04 -1.13277253e+04 -1.13020031e+04 -1.12762450e+04
 -1.12504510e+04 -1.12246212e+04 -1.11987554e+04 -1.11728538e+04
 -1.11469163e+04 -1.11209430e+04 -1.10949338e+04 -1.10688886e+04
 -1.10428077e+04 -1.10166908e+04 -1.09905381e+04 -1.09643495e+04
 -1.09381250e+04 -1.09118646e+04 -1.08855684e+04 -1.08592363e+04
 -1.08328683e+04 -1.08064644e+04 -1.07800247e+04 -1.07535491e+04
 -1.07270376e+04 -1.07004902e+04 -1.06739069e+04 -1.06472878e+04
 -1.06206328e+04 -1.05939420e+04 -1.05672152e+04 -1.05404526e+04
 -1.05136541e+04 -1.04868197e+04 -1.04599495e+04 -1.04330434e+04
 -1.04061014e+04 -1.03791235e+04 -1.03521097e+04 -1.03250601e+04
 -1.02979746e+04 -1.02708532e+04 -1.02436960e+04 -1.02165028e+04
 -1.01892738e+04 -1.01620090e+04 -1.01347082e+04 -1.01073716e+04
 -1.00799991e+04 -1.00525907e+04 -1.00251464e+04 -9.99766630e+03
 -9.97015029e+03 -9.94259840e+03 -9.91501064e+03 -9.88738700e+03
 -9.85972749e+03 -9.83203210e+03 -9.80430084e+03 -9.77653370e+03
 -9.74873069e+03 -9.72089180e+03 -9.69301703e+03 -9.66510639e+03
 -9.63715987e+03 -9.60917748e+03 -9.58115921e+03 -9.55310507e+03
 -9.52501505e+03 -9.49688915e+03 -9.46872738e+03 -9.44052973e+03
 -9.41229621e+03 -9.38402681e+03 -9.35572154e+03 -9.32738039e+03
 -9.29900337e+03 -9.27059047e+03 -9.24214169e+03 -9.21365704e+03
 -9.18513651e+03 -9.15658011e+03 -9.12798783e+03 -9.09935967e+03
 -9.07069564e+03 -9.04199574e+03 -9.01325996e+03 -8.98448830e+03
 -8.95568077e+03 -8.92683736e+03 -8.89795808e+03 -8.86904292e+03
 -8.84009188e+03 -8.81110497e+03 -8.78208219e+03 -8.75302352e+03
 -8.72392899e+03 -8.69479857e+03 -8.66563228e+03 -8.63643012e+03
 -8.60719208e+03 -8.57791816e+03 -8.54860837e+03 -8.51926270e+03
 -8.48988116e+03 -8.46046374e+03 -8.43101045e+03 -8.40152128e+03
 -8.37199623e+03 -8.34243531e+03 -8.31283852e+03 -8.28320584e+03
 -8.25353730e+03 -8.22383287e+03 -8.19409257e+03 -8.16431640e+03
 -8.13450435e+03 -8.10465642e+03 -8.07477262e+03 -8.04485294e+03
 -8.01489739e+03 -7.98490596e+03 -7.95487866e+03 -7.92481548e+03
 -7.89471642e+03 -7.86458149e+03 -7.83441068e+03 -7.80420400e+03
 -7.77396144e+03 -7.74368301e+03 -7.71336870e+03 -7.68301851e+03
 -7.65263245e+03 -7.62221052e+03 -7.59175271e+03 -7.56125902e+03
 -7.53072946e+03 -7.50016402e+03 -7.46956270e+03 -7.43892551e+03
 -7.40825245e+03 -7.37754350e+03 -7.34679869e+03 -7.31601799e+03
 -7.28520143e+03 -7.25434898e+03 -7.22346066e+03 -7.19253647e+03
 -7.16157640e+03 -7.13058045e+03 -7.09954863e+03 -7.06848093e+03
 -7.03737736e+03 -7.00623791e+03 -6.97506258e+03 -6.94385138e+03
 -6.91260431e+03 -6.88132135e+03 -6.85000253e+03 -6.81864782e+03
 -6.78725725e+03 -6.75583079e+03 -6.72436846e+03 -6.69287026e+03
 -6.66133617e+03 -6.62976622e+03 -6.59816039e+03 -6.56651868e+03
 -6.53484109e+03 -6.50312763e+03 -6.47137830e+03 -6.43959309e+03
 -6.40777200e+03 -6.37591504e+03 -6.34402220e+03 -6.31209349e+03
 -6.28012890e+03 -6.24812844e+03 -6.21609210e+03 -6.18401988e+03
 -6.15191179e+03 -6.11976782e+03 -6.08758798e+03 -6.05537226e+03
 -6.02312067e+03 -5.99083320e+03 -5.95850985e+03 -5.92615063e+03
 -5.89375553e+03 -5.86132456e+03 -5.82885771e+03 -5.79635499e+03
 -5.76381639e+03 -5.73124192e+03 -5.69863157e+03 -5.66598534e+03
 -5.63330324e+03 -5.60058526e+03 -5.56783141e+03 -5.53504168e+03
 -5.50221608e+03 -5.46935460e+03 -5.43645724e+03 -5.40352401e+03
 -5.37055490e+03 -5.33754992e+03 -5.30450906e+03 -5.27143233e+03
 -5.23831972e+03 -5.20517123e+03 -5.17198687e+03 -5.13876664e+03
 -5.10551053e+03 -5.07221854e+03 -5.03889067e+03 -5.00552694e+03
 -4.97212732e+03 -4.93869183e+03 -4.90522047e+03 -4.87171322e+03
 -4.83817011e+03 -4.80459111e+03 -4.77097625e+03 -4.73732550e+03
 -4.70363888e+03 -4.66991639e+03 -4.63615802e+03 -4.60236377e+03
 -4.56853365e+03 -4.53466765e+03 -4.50076578e+03 -4.46682803e+03
 -4.43285440e+03 -4.39884490e+03 -4.36479953e+03 -4.33071827e+03
 -4.29660115e+03 -4.26244814e+03 -4.22825927e+03 -4.19403451e+03
 -4.15977388e+03 -4.12547738e+03 -4.09114500e+03 -4.05677674e+03
 -4.02237261e+03 -3.98793260e+03 -3.95345671e+03 -3.91894495e+03
 -3.88439732e+03 -3.84981381e+03 -3.81519442e+03 -3.78053916e+03
 -3.74584802e+03 -3.71112101e+03 -3.67635812e+03 -3.64155936e+03
 -3.60672472e+03 -3.57185420e+03 -3.53694781e+03 -3.50200554e+03
 -3.46702740e+03 -3.43201338e+03 -3.39696349e+03 -3.36187772e+03
 -3.32675607e+03 -3.29159855e+03 -3.25640516e+03 -3.22117588e+03
 -3.18591074e+03 -3.15060971e+03 -3.11527281e+03 -3.07990004e+03
 -3.04449139e+03 -3.00904686e+03 -2.97356646e+03 -2.93805018e+03
 -2.90249803e+03 -2.86691000e+03 -2.83128610e+03 -2.79562632e+03
 -2.75993066e+03 -2.72419913e+03 -2.68843173e+03 -2.65262844e+03
 -2.61678929e+03 -2.58091425e+03 -2.54500334e+03 -2.50905656e+03
 -2.47307390e+03 -2.43705536e+03 -2.40100095e+03 -2.36491066e+03
 -2.32878450e+03 -2.29262246e+03 -2.25642454e+03 -2.22019075e+03
 -2.18392109e+03 -2.14761555e+03 -2.11127413e+03 -2.07489684e+03
 -2.03848367e+03 -2.00203463e+03 -1.96554971e+03 -1.92902891e+03
 -1.89247224e+03 -1.85587969e+03 -1.81925127e+03 -1.78258697e+03
 -1.74588680e+03 -1.70915075e+03 -1.67237883e+03 -1.63557103e+03
 -1.59872735e+03 -1.56184780e+03 -1.52493237e+03 -1.48798107e+03
 -1.45099389e+03 -1.41397084e+03 -1.37691191e+03 -1.33981710e+03
 -1.30268642e+03 -1.26551986e+03 -1.22831743e+03 -1.19107912e+03
 -1.15380494e+03 -1.11649488e+03 -1.07914895e+03 -1.04176714e+03
 -1.00434945e+03 -9.66895887e+02 -9.29406450e+02 -8.91881137e+02
 -8.54319948e+02 -8.16722883e+02 -7.79089943e+02 -7.41421128e+02
 -7.03716436e+02 -6.65975870e+02 -6.28199427e+02 -5.90387109e+02
 -5.52538915e+02 -5.14654845e+02 -4.76734900e+02 -4.38779079e+02
 -4.00787383e+02 -3.62759811e+02 -3.24696363e+02 -2.86597040e+02
 -2.48461841e+02 -2.10290766e+02 -1.72083816e+02 -1.33840990e+02
 -9.55622886e+01 -5.72477114e+01 -1.88972586e+01  2.04617288e+00
  1.42615756e+00  8.42017869e-01  2.93753823e-01 -2.18634583e-01
 -6.95147349e-01 -1.13578447e+00 -1.54054596e+00 -1.90943181e+00
 -2.24244201e+00 -2.53957657e+00 -2.80083550e+00 -3.02621878e+00
 -3.21572643e+00 -3.36935843e+00 -3.48711479e+00 -3.56899551e+00
 -3.61500060e+00 -3.62513004e+00 -3.59938384e+00 -3.53776200e+00
 -3.44026452e+00 -3.30689141e+00 -3.13764265e+00 -2.93251825e+00
 -2.69151821e+00 -2.41464253e+00 -2.10189121e+00 -1.75326425e+00
 -1.36876164e+00 -9.48383403e-01 -4.92129522e-01 -2.18278728e-11]