[0.00051954 0.00051954 0.00051955 0.00051955 0.00051956 0.00051957
 0.00051959 0.0005196  0.00051962 0.00051964 0.00051967 0.00051969
 0.00051972 0.00051975 0.00051979 0.00051982 0.00051986 0.0005199
 0.00051995 0.00051999 0.00052004 0.00052009 0.00052015 0.0005202
 0.00052026 0.00052032 0.00052039 0.00052045 0.00052052 0.00052059
 0.00052067 0.00052074 0.00052082 0.0005209  0.00052099 0.00052107
 0.00052116 0.00052125 0.00052135 0.00052144 0.00052154 0.00052164
 0.00052175 0.00052185 0.00052196 0.00052207 0.00052219 0.0005223
 0.00052242 0.00052255 0.00052267 0.0005228  0.00052292 0.00052306
 0.00052319 0.00052333 0.00052457 0.00052602 0.00052747 0.00052893
 0.00053039 0.00053185 0.00053331 0.00053478 0.00053625 0.00053772
 0.0005392  0.00054067 0.00054215 0.00054363 0.00054512 0.0005466
 0.00054809 0.00054958 0.00055108 0.00055258 0.00055407 0.00055558
 0.00055708 0.00055859 0.0005601  0.00056161 0.00056312 0.00056464
 0.00056616 0.00056768 0.0005692  0.00057073 0.00057226 0.00057379
 0.00057533 0.00057686 0.0005784  0.00057994 0.00058149 0.00058304
 0.00058458 0.00058614 0.00058769 0.00058925 0.00059081 0.00059237
 0.00059393 0.0005955  0.00059707 0.00059864 0.00060021 0.00060179
 0.00060337 0.00060495 0.00060654 0.00060812 0.00060971 0.0006113
 0.0006129  0.0006145  0.00061609 0.0006177  0.0006193  0.00062091
 0.00062252 0.00062413 0.00062574 0.00062736 0.00062898 0.0006306
 0.00063223 0.00063385 0.00063548 0.00063711 0.00063875 0.00064038
 0.00064202 0.00064367 0.00064531 0.00064696 0.00064861 0.00065026
 0.00065191 0.00065357 0.00065523 0.00065689 0.00065855 0.00066022
 0.00066189 0.00066356 0.00066524 0.00066691 0.00066859 0.00067027
 0.00067196 0.00067365 0.00067534 0.00067703 0.00067872 0.00068042
 0.00068212 0.00068382 0.00068552 0.00068723 0.00068894 0.00069065
 0.00069237 0.00069408 0.0006958  0.00069752 0.00069925 0.00070098
 0.0007027  0.00070444 0.00070617 0.00070791 0.00070965 0.00071139
 0.00071313 0.00071488 0.00071663 0.00071838 0.00072014 0.00072189
 0.00072365 0.00072541 0.00072718 0.00072895 0.00073072 0.00073249
 0.00073426 0.00073604 0.00073782 0.0007396  0.00074138 0.00074317
 0.00074496 0.00074675 0.00074855 0.00075034 0.00075214 0.00075395
 0.00075575 0.00075756 0.00075937 0.00076118 0.00076299 0.00076481
 0.00076663 0.00076845 0.00077027 0.0007721  0.00077393 0.00077576
 0.0007776  0.00077943 0.00078127 0.00078312 0.00078496 0.00078681
 0.00078866 0.00079051 0.00079236 0.00079422 0.00079608 0.00079794
 0.00079981 0.00080167 0.00080354 0.00080541 0.00080729 0.00080917
 0.00081105 0.00081293 0.00081481 0.0008167  0.00081859 0.00082048
 0.00082237 0.00082427 0.00082617 0.00082807 0.00082998 0.00083188
 0.00083379 0.00083571 0.00083762 0.00083954 0.00084146 0.00084338
 0.0008453  0.00084723 0.00084916 0.00085109 0.00085303 0.00085496
 0.0008569  0.00085885 0.00086079 0.00086274 0.00086469 0.00086664
 0.00086859 0.00087055 0.00087251 0.00087447 0.00087644 0.0008784
 0.00088037 0.00088234 0.00088432 0.0008863  0.00088828 0.00089026
 0.00089224 0.00089423 0.00089622 0.00089821 0.00090021 0.0009022
 0.0009042  0.0009062  0.00090821 0.00091022 0.00091223 0.00091424
 0.00091625 0.00091827 0.00092029 0.00092231 0.00092434 0.00092636
 0.00092839 0.00093042 0.00093246 0.0009345  0.00093654 0.00093858
 0.00094062 0.00094267 0.00094472 0.00094677 0.00094883 0.00095088
 0.00095294 0.000955   0.00095707 0.00095914 0.00096121 0.00096328
 0.00096535 0.00096743 0.00096951 0.00097159 0.00097368 0.00097576
 0.00097785 0.00097995 0.00098204 0.00098414 0.00098624 0.00098834
 0.00099044 0.00099255 0.00099466 0.00099677 0.00099889 0.001001
 0.00100312 0.00100525 0.00100737 0.0010095  0.00101163 0.00101376
 0.00101589 0.00101803 0.00102017 0.00102231 0.00102446 0.0010266
 0.00102875 0.00103091 0.00103306 0.00103522 0.00103738 0.00103954
 0.0010417  0.00104387 0.00104604 0.00104821 0.00105039 0.00105257
 0.00105475 0.00105693 0.00105911 0.0010613  0.00106349 0.00106568
 0.00106788 0.00107007 0.00107227 0.00107448 0.00107668 0.00107889
 0.0010811  0.00108331 0.00108552 0.00108774 0.00108996 0.00109218
 0.00109441 0.00109663 0.00109886 0.0011011  0.00110333 0.00110557
 0.00110781 0.00111005 0.0011123  0.00111454 0.00111679 0.00111904
 0.0011213  0.00112356 0.00112582 0.00112808 0.00113034 0.00113261
 0.00113488 0.00113715 0.00113943 0.0011417  0.00114398 0.00114627
 0.00114855 0.00115084 0.00115313 0.00115542 0.00115772 0.00116001
 0.00116231 0.00116461 0.00116692 0.00116923 0.00117154 0.00117385
 0.00117616 0.00117848 0.0011808  0.00118312 0.00118545 0.00118778
 0.0011901  0.00119244 0.00119477 0.00119711 0.00121444 0.00123994
 0.00126545 0.00129095 0.00131647 0.00134198 0.00136749 0.00139301
 0.00141853 0.00144406 0.00146958 0.00149511 0.00152064 0.00154618
 0.00157171 0.00159725 0.00162279 0.00164834 0.00167388 0.00169943
 0.00172498 0.00175054 0.00177609 0.00180165 0.00182721 0.00185278
 0.00187834 0.00190391 0.00192948 0.00195506 0.00198063 0.00200621
 0.00203179 0.00205737 0.00208296 0.00210855 0.00213414 0.00215973
 0.00218533 0.00221093 0.00223653 0.00226213 0.00228774 0.00231335
 0.00233896 0.00236457 0.00239019 0.00241581 0.00244143 0.00246705
 0.0024924  0.00251641 0.00254042 0.00256444 0.00258846 0.00261248
 0.0026365  0.00266053 0.00268455 0.00270858 0.00273262 0.00275665
 0.00278069 0.00280473 0.00282878 0.00285282 0.00287687 0.00290092
 0.00292497 0.00294903 0.00297309 0.00299715 0.00302121 0.00304528
 0.00306935 0.00309342 0.00311749 0.00314157 0.00316564 0.00318973
 0.00321381 0.00323789 0.00326198 0.00328607 0.00331017 0.00333426
 0.00335836 0.00338246 0.00340657 0.00343067 0.00345478 0.00347889
 0.003503   0.00352712 0.00355124 0.00357536 0.00359948 0.00362361
 0.00364774 0.00367187 0.003696   0.00370172 0.00369959 0.00369748
 0.00369536 0.00369325 0.00369114 0.00368903 0.00368693 0.00368482
 0.00368272 0.00368062 0.00367853 0.00367644 0.00367435 0.00367226
 0.00367017 0.00366809 0.00366601 0.00366393 0.00366186 0.00365978
 0.00365771 0.00365565 0.00365358 0.00365152 0.00364946 0.0036474
 0.00364535 0.00364329 0.00364124 0.00363919 0.00363715 0.00363511
 0.00363307 0.00363103 0.00362899 0.00362696 0.00362493 0.0036229
 0.00362088 0.00361886 0.00361683 0.00361482 0.0036128  0.00361079
 0.00360878 0.00360677 0.00360477 0.00360276 0.00360076 0.00359877
 0.00359677 0.00359478 0.00359279 0.0035908  0.00358881 0.00358683
 0.00358485 0.00358287 0.0035809  0.00357893 0.00357696 0.00357499
 0.00357302 0.00357106 0.0035691  0.00356714 0.00356519 0.00356323
 0.00356128 0.00355934 0.00355739 0.00355545 0.00355351 0.00355157
 0.00354964 0.0035477  0.00354577 0.00354385 0.00354192 0.00354
 0.00353808 0.00353616 0.00353425 0.00353233 0.00353042 0.00352851
 0.00352661 0.00352471 0.00352281 0.00352091 0.00351901 0.00351712
 0.00351523 0.00351334 0.00351146 0.00350958 0.0035077  0.00350582
 0.00350394 0.00350207 0.0035002  0.00349833 0.00349647 0.0034946
 0.00349274 0.00349089 0.00348903 0.00348718 0.00348533 0.00348348
 0.00348164 0.00347979 0.00347795 0.00347612 0.00347428 0.00347245
 0.00347062 0.00346879 0.00346697 0.00346514 0.00346332 0.00346151
 0.00345969 0.00345788 0.00345607 0.00345426 0.00345246 0.00345065
 0.00344885 0.00344706 0.00344526 0.00344347 0.00344168 0.00343989
 0.00343811 0.00343632 0.00343454 0.00343276 0.00343099 0.00342922
 0.00342745 0.00342568 0.00342391 0.00342215 0.00342039 0.00341863
 0.00341688 0.00341513 0.00341338 0.00341163 0.00340988 0.00340814
 0.0034064  0.00340466 0.00340293 0.0034012  0.00339947 0.00339774
 0.00339601 0.00339429 0.00339257 0.00339085 0.00338914 0.00338743
 0.00338572 0.00338401 0.0033823  0.0033806  0.0033789  0.0033772
 0.00337551 0.00337382 0.00337213 0.00337044 0.00336875 0.00336707
 0.00336539 0.00336371 0.00336204 0.00336037 0.0033587  0.00335703
 0.00335536 0.0033537  0.00335204 0.00335038 0.00334873 0.00334708
 0.00334543 0.00334378 0.00334214 0.00334049 0.00333885 0.00333722
 0.00333558 0.00333395 0.00333232 0.00333069 0.00332907 0.00332744
 0.00332582 0.00332421 0.00332259 0.00332098 0.00331937 0.00331776
 0.00331616 0.00331455 0.00331295 0.00331136 0.00330976 0.00330817
 0.00330658 0.00330499 0.00330341 0.00330182 0.00330024 0.00329867
 0.00329709 0.00329552 0.00329395 0.00329238 0.00329082 0.00328926
 0.0032877  0.00328614 0.00328458 0.00328303 0.00328148 0.00327993
 0.00327839 0.00327685 0.00327531 0.00327377 0.00327223 0.0032707
 0.00326917 0.00326764 0.00326612 0.0032646  0.00326308 0.00326156
 0.00326004 0.00325853 0.00325702 0.00325552 0.00325401 0.00325251
 0.00325101 0.00324951 0.00324802 0.00324652 0.00324503 0.00324355
 0.00324206 0.00324058 0.0032391  0.00323762 0.00323615 0.00323467
 0.00323321 0.00323174 0.00323027 0.00322881 0.00322735 0.00322589
 0.00322444 0.00322299 0.00322154 0.00322009 0.00321864 0.0032172
 0.00321576 0.00321432 0.00321289 0.00321146 0.00321003 0.0032086
 0.00320718 0.00320575 0.00320433 0.00320292 0.0032015  0.00320009
 0.00319868 0.00319727 0.00319587 0.00319447 0.00319307 0.00319167
 0.00319027 0.00318888 0.00318749 0.0031861  0.00318472 0.00318334
 0.00318196 0.00318058 0.00317921 0.00317783 0.00317646 0.0031751
 0.00317373 0.00317237 0.00317101 0.00316965 0.0031683  0.00316695
 0.0031656  0.00316425 0.0031629  0.00316156 0.00316022 0.00315888
 0.00315755 0.00315622 0.00315489 0.00315356 0.00315224 0.00315091
 0.00314959 0.00314828 0.00314696 0.00314565 0.00314434 0.00314303
 0.00314173 0.00314043 0.00313913 0.00313783 0.00313653 0.00313524
 0.00313395 0.00313266 0.00313138 0.0031301  0.00312882 0.00312754
 0.00312627 0.00312499 0.00312372 0.00312246 0.00312119 0.00311993
 0.00311867 0.00311741 0.00311616 0.00311491 0.00311366 0.00311241
 0.00311116 0.00310992 0.00310868 0.00310745 0.00310621 0.00310498
 0.00310375 0.00310252 0.0031013  0.00310008 0.00309886 0.00309764
 0.00309642 0.00309521 0.003094   0.00309279 0.00309159 0.00309039
 0.00308919 0.00308799 0.0030868  0.0030856  0.00308441 0.00308323
 0.00308204 0.00308086 0.00307968 0.0030785  0.00307733 0.00307616
 0.00307499 0.00307382 0.00307266 0.00307149 0.00307033 0.00306918
 0.00306802 0.00306687 0.00306572 0.00306457 0.00306343 0.00306229
 0.00306115 0.00306001 0.00305888 0.00305774 0.00305661 0.00305549
 0.00305436 0.00305324 0.00305212 0.003051   0.00304989 0.00304878
 0.00304767 0.00304656 0.00304546 0.00304435 0.00304325 0.00304216
 0.00304106 0.00303997 0.00303888 0.00303779 0.00303671 0.00303563
 0.00303455 0.00303347 0.0030324  0.00303132 0.00303025 0.00302919
 0.00302812 0.00302706 0.003026   0.00302494 0.00302389 0.00302284
 0.00302179 0.00302074 0.0030197  0.00301865 0.00301761 0.00301658
 0.00301554 0.00301451 0.00301348 0.00301245 0.00301143 0.00301041
 0.00300939 0.00300837 0.00300736 0.00300635 0.00300534 0.00300433
 0.00300332 0.00300232 0.00300132 0.00300033 0.00299933 0.00299834
 0.00299735 0.00299668 0.00299641 0.00299614 0.00299587 0.00299561
 0.00299534 0.00299508 0.00299483 0.00299457 0.00299432 0.00299407
 0.00299382 0.00299358 0.00299333 0.00299309 0.00299286 0.00299262
 0.00299239 0.00299216 0.00299193 0.00299171 0.00299148 0.00299126
 0.00299105 0.00299083 0.00299062 0.00299041 0.0029902  0.00299
 0.00298979 0.00298959 0.0029894  0.0029892 ]