[ 0.00000000e+00  1.27498005e+01  2.54996011e+01  3.82494016e+01
  5.09992022e+01  6.37490027e+01  7.64988033e+01  8.92486038e+01
  1.01998404e+02  1.14748205e+02  1.27498005e+02  1.40247806e+02
  1.52997607e+02  1.65747407e+02  1.78497208e+02  1.91247008e+02
  2.03996809e+02  2.16746609e+02  2.29496410e+02  2.42246210e+02
  2.54996011e+02  2.67745811e+02  2.80495612e+02  2.93245412e+02
  3.05995213e+02  3.18745014e+02  3.31494814e+02  3.44244615e+02
  3.56994415e+02  3.69744216e+02  3.82494016e+02  3.95243817e+02
  4.07993617e+02  4.20743418e+02  4.33493218e+02  4.46243019e+02
  4.58992820e+02  4.71742620e+02  4.84492421e+02  4.97242221e+02
  5.09992022e+02  5.22741822e+02  5.35491623e+02  5.48241423e+02
  5.60991224e+02  5.73741024e+02  5.86490825e+02  5.99240625e+02
  6.11990426e+02  6.24740227e+02  6.37490027e+02  6.50239828e+02
  6.62989628e+02  6.75739429e+02  6.88489229e+02  7.01239030e+02
 -2.51913487e+04 -2.51785989e+04 -2.51658491e+04 -2.51530993e+04
 -2.51403495e+04 -2.51275997e+04 -2.51148499e+04 -2.51021001e+04
 -2.50893503e+04 -2.50766005e+04 -2.50638507e+04 -2.50511009e+04
 -2.50383511e+04 -2.50256013e+04 -2.50128515e+04 -2.50001017e+04
 -2.49873519e+04 -2.49746021e+04 -2.49618523e+04 -2.49491025e+04
 -2.49363527e+04 -2.49236029e+04 -2.49108531e+04 -2.48981033e+04
 -2.48853535e+04 -2.48726037e+04 -2.48598539e+04 -2.48471041e+04
 -2.48343543e+04 -2.48216045e+04 -2.48088547e+04 -2.47961049e+04
 -2.47833551e+04 -2.47706053e+04 -2.47578555e+04 -2.47451057e+04
 -2.47323559e+04 -2.47196061e+04 -2.47068563e+04 -2.46941065e+04
 -2.46813567e+04 -2.46686069e+04 -2.46558571e+04 -2.46431073e+04
 -2.46303575e+04 -2.46176077e+04 -2.46048579e+04 -2.45921081e+04
 -2.45793583e+04 -2.45666085e+04 -2.45538587e+04 -2.45411089e+04
 -2.45283591e+04 -2.45156093e+04 -2.45028595e+04 -2.44901097e+04
 -2.44773599e+04 -2.44646101e+04 -2.44518603e+04 -2.44391104e+04
 -2.44263606e+04 -2.44136108e+04 -2.44008610e+04 -2.43881112e+04
 -2.43753614e+04 -2.43626116e+04 -2.43498618e+04 -2.43371120e+04
 -2.43243622e+04 -2.43116124e+04 -2.42988626e+04 -2.42861128e+04
 -2.42733630e+04 -2.42606132e+04 -2.42478634e+04 -2.42351136e+04
 -2.42223638e+04 -2.42096140e+04 -2.41968642e+04 -2.41841144e+04
 -2.41713646e+04 -2.41586148e+04 -2.41458650e+04 -2.41331152e+04
 -2.41203654e+04 -2.41076156e+04 -2.40948658e+04 -2.40821160e+04
 -2.40693662e+04 -2.40566164e+04 -2.40438666e+04 -2.40311168e+04
 -2.40183670e+04 -2.40056172e+04 -2.39928674e+04 -2.39801176e+04
 -2.39673678e+04 -2.39546180e+04 -2.39418682e+04 -2.39291184e+04
 -2.39163686e+04 -2.39036188e+04 -2.38908690e+04 -2.38781192e+04
 -2.38653694e+04 -2.38526196e+04 -2.38398698e+04 -2.38271200e+04
 -2.38143702e+04 -2.38016204e+04 -2.37888706e+04 -2.37761208e+04
 -2.37633710e+04 -2.37506212e+04 -2.37378714e+04 -2.37251216e+04
 -2.37123718e+04 -2.36996220e+04 -2.36868722e+04 -2.36741224e+04
 -2.36613726e+04 -2.36486228e+04 -2.36358730e+04 -2.36231232e+04
 -2.36103734e+04 -2.35976236e+04 -2.35848738e+04 -2.35721240e+04
 -2.35593742e+04 -2.35466244e+04 -2.35338746e+04 -2.35211248e+04
 -2.35083750e+04 -2.34956252e+04 -2.34828754e+04 -2.34701256e+04
 -2.34573758e+04 -2.34446260e+04 -2.34318762e+04 -2.34191264e+04
 -2.34063766e+04 -2.33936268e+04 -2.33808770e+04 -2.33681272e+04
 -2.33553774e+04 -2.33426276e+04 -2.33298778e+04 -2.33171280e+04
 -2.33043782e+04 -2.32916284e+04 -2.32788786e+04 -2.32661288e+04
 -2.32533790e+04 -2.32406292e+04 -2.32278794e+04 -2.32151296e+04
 -2.32023798e+04 -2.31896300e+04 -2.31768802e+04 -2.31641304e+04
 -2.31513806e+04 -2.31386308e+04 -2.31258810e+04 -2.31131312e+04
 -2.31003814e+04 -2.30876316e+04 -2.30748818e+04 -2.30621320e+04
 -2.30493822e+04 -2.30366324e+04 -2.30238826e+04 -2.30111328e+04
 -2.29983830e+04 -2.29856332e+04 -2.29728834e+04 -2.29601336e+04
 -2.29473838e+04 -2.29346340e+04 -2.29218842e+04 -2.29091344e+04
 -2.28963846e+04 -2.28836348e+04 -2.28708850e+04 -2.28581352e+04
 -2.28453854e+04 -2.28326356e+04 -2.28198858e+04 -2.28071360e+04
 -2.27943862e+04 -2.27816364e+04 -2.27688866e+04 -2.27561368e+04
 -2.27433870e+04 -2.27306372e+04 -2.27178874e+04 -2.27051376e+04
 -2.26923878e+04 -2.26796380e+04 -2.26668882e+04 -2.26541384e+04
 -2.26413886e+04 -2.26286388e+04 -2.26158890e+04 -2.26031392e+04
 -2.25903894e+04 -2.25776396e+04 -2.25648898e+04 -2.25521400e+04
 -2.25393902e+04 -2.25266404e+04 -2.25138906e+04 -2.25011408e+04
 -2.24883910e+04 -2.24756412e+04 -2.24628914e+04 -2.24501416e+04
 -2.24373918e+04 -2.24246420e+04 -2.24118922e+04 -2.23991424e+04
 -2.23863926e+04 -2.23736428e+04 -2.23608930e+04 -2.23481432e+04
 -2.23353934e+04 -2.23226436e+04 -2.23098938e+04 -2.22971440e+04
 -2.22843942e+04 -2.22716444e+04 -2.22588946e+04 -2.22461448e+04
 -2.22333950e+04 -2.22206452e+04 -2.22078954e+04 -2.21951456e+04
 -2.21823958e+04 -2.21696460e+04 -2.21568962e+04 -2.21441464e+04
 -2.21313966e+04 -2.21186468e+04 -2.21058970e+04 -2.20931472e+04
 -2.20803973e+04 -2.20676475e+04 -2.20548977e+04 -2.20421479e+04
 -2.20293981e+04 -2.20166483e+04 -2.20038985e+04 -2.19911487e+04
 -2.19783989e+04 -2.19656491e+04 -2.19528993e+04 -2.19401495e+04
 -2.19273997e+04 -2.19146499e+04 -2.19019001e+04 -2.18891503e+04
 -2.18764005e+04 -2.18636507e+04 -2.18509009e+04 -2.18381511e+04
 -2.18254013e+04 -2.18126515e+04 -2.17999017e+04 -2.17871519e+04
 -2.17744021e+04 -2.17616523e+04 -2.17489025e+04 -2.17361527e+04
 -2.17234029e+04 -2.17106531e+04 -2.16979033e+04 -2.16851535e+04
 -2.16724037e+04 -2.16596539e+04 -2.16469041e+04 -2.16341543e+04
 -2.16214045e+04 -2.16086547e+04 -2.15959049e+04 -2.15831551e+04
 -2.15704053e+04 -2.15576555e+04 -2.15449057e+04 -2.15321559e+04
 -2.15194061e+04 -2.15066563e+04 -2.14939065e+04 -2.14811567e+04
 -2.14684069e+04 -2.14556571e+04 -2.14429073e+04 -2.14301575e+04
 -2.14174077e+04 -2.14046579e+04 -2.13919081e+04 -2.13791583e+04
 -2.13664085e+04 -2.13536587e+04 -2.13409089e+04 -2.13281591e+04
 -2.13154093e+04 -2.13026595e+04 -2.12899097e+04 -2.12771599e+04
 -2.12644101e+04 -2.12516603e+04 -2.12389105e+04 -2.12261607e+04
 -2.12134109e+04 -2.12006611e+04 -2.11879113e+04 -2.11751615e+04
 -2.11624117e+04 -2.11496619e+04 -2.11369121e+04 -2.11241623e+04
 -2.11114125e+04 -2.10986627e+04 -2.10859129e+04 -2.10731631e+04
 -2.10604133e+04 -2.10476635e+04 -2.10349137e+04 -2.10221639e+04
 -2.10094141e+04 -2.09966643e+04 -2.09839145e+04 -2.09711647e+04
 -2.09584149e+04 -2.09456651e+04 -2.09329153e+04 -2.09201655e+04
 -2.09074157e+04 -2.08946659e+04 -2.08819161e+04 -2.08691663e+04
 -2.08564165e+04 -2.08436667e+04 -2.08309169e+04 -2.08181671e+04
 -2.08054173e+04 -2.07926675e+04 -2.07799177e+04 -2.07671679e+04
 -2.07544181e+04 -2.07416683e+04 -2.07289185e+04 -2.07161687e+04
 -2.07034189e+04 -2.06906691e+04 -2.06779193e+04 -2.06651695e+04
  1.48045225e+04  1.48172723e+04  1.48300221e+04  1.48427719e+04
  1.48555218e+04  1.48682716e+04  1.48810214e+04  1.48937712e+04
  1.49065210e+04  1.49192708e+04  1.49320206e+04  1.49447704e+04
  1.49575202e+04  1.49702700e+04  1.49830198e+04  1.49957696e+04
  1.50085194e+04  1.50212692e+04  1.50340190e+04  1.50467688e+04
  1.50595186e+04  1.50722684e+04  1.50850182e+04  1.50977680e+04
  1.51105178e+04  1.51232676e+04  1.51360174e+04  1.51487672e+04
  1.51615170e+04  1.51742668e+04  1.51870166e+04  1.51997664e+04
  1.52125162e+04  1.52252660e+04  1.52380158e+04  1.52507656e+04
  1.52635154e+04  1.52762652e+04  1.52890150e+04  1.53017648e+04
  1.53145146e+04  1.53272644e+04  1.53400142e+04  1.53527640e+04
  1.53655138e+04  1.53782636e+04  1.53910134e+04  1.54037632e+04
  1.54165130e+04  1.54292628e+04  4.74274793e+04  4.74402291e+04
  4.74529789e+04  4.74657287e+04  4.74784785e+04  4.74912283e+04
  4.75039781e+04  4.75167279e+04  4.75294777e+04  4.75422275e+04
  4.75549773e+04  4.75677271e+04  4.75804769e+04  4.75932267e+04
  4.76059765e+04  4.76187263e+04  4.76314761e+04  4.76442259e+04
  4.76569757e+04  4.76697255e+04  4.76824753e+04  4.76952251e+04
  4.77079749e+04  4.77207247e+04  4.77334745e+04  4.77462243e+04
  4.77589741e+04  4.77717239e+04  4.77844737e+04  4.77972235e+04
  4.78099733e+04  4.78227231e+04  4.78354729e+04  4.78482227e+04
  4.78609725e+04  4.78737223e+04  4.78864721e+04  4.78992219e+04
  4.79119717e+04  4.79247215e+04  4.79374713e+04  4.79502211e+04
  4.79629709e+04  4.79757207e+04  4.79884705e+04  4.80012203e+04
  4.80139701e+04  4.80267199e+04  4.80394697e+04  4.80522195e+04
  4.80649693e+04  7.87908492e+03  7.89183473e+03  7.90458453e+03
  7.91733433e+03  7.93008413e+03  7.94283393e+03  7.95558373e+03
  7.96833353e+03  7.98108333e+03  7.99383313e+03  8.00658293e+03
  8.01933273e+03  8.03208253e+03  8.04483233e+03  8.05758213e+03
  8.07033193e+03  8.08308173e+03  8.09583153e+03  8.10858133e+03
  8.12133113e+03  8.13408094e+03  8.14683074e+03  8.15958054e+03
  8.17233034e+03  8.18508014e+03  8.19782994e+03  8.21057974e+03
  8.22332954e+03  8.23607934e+03  8.24882914e+03  8.26157894e+03
  8.27432874e+03  8.28707854e+03  8.29982834e+03  8.31257814e+03
  8.32532794e+03  8.33807774e+03  8.35082754e+03  8.36357735e+03
  8.37632715e+03  8.38907695e+03  8.40182675e+03  8.41457655e+03
  8.42732635e+03  8.44007615e+03  8.45282595e+03  8.46557575e+03
  8.47832555e+03  8.49107535e+03  8.50382515e+03  8.51657495e+03
  8.52932475e+03  8.54207455e+03  8.55482435e+03  8.56757415e+03
  8.58032395e+03  8.59307375e+03  8.60582356e+03  8.61857336e+03
  8.63132316e+03  8.64407296e+03  8.65682276e+03  8.66957256e+03
  8.68232236e+03  8.69507216e+03  8.70782196e+03  8.72057176e+03
  8.73332156e+03  8.74607136e+03  8.75882116e+03  8.77157096e+03
  8.78432076e+03  8.79707056e+03  8.80982036e+03  8.82257016e+03
  8.83531997e+03  8.84806977e+03  8.86081957e+03  8.87356937e+03
  8.88631917e+03  8.89906897e+03  8.91181877e+03  8.92456857e+03
  8.93731837e+03  8.95006817e+03  8.96281797e+03  8.97556777e+03
  8.98831757e+03  9.00106737e+03  9.01381717e+03  9.02656697e+03
  9.03931677e+03  9.05206657e+03  9.06481637e+03  9.07756618e+03
  9.09031598e+03  9.10306578e+03  9.11581558e+03  9.12856538e+03
  9.14131518e+03  9.15406498e+03  9.16681478e+03  9.17956458e+03
  9.19231438e+03  9.20506418e+03  9.21781398e+03  9.23056378e+03
  9.24331358e+03  9.25606338e+03  9.26881318e+03  9.28156298e+03
  9.29431278e+03  9.30706259e+03  9.31981239e+03  9.33256219e+03
  9.34531199e+03  9.35806179e+03  9.37081159e+03  9.38356139e+03
  9.39631119e+03  9.40906099e+03  9.42181079e+03  9.43456059e+03
  9.44731039e+03  9.46006019e+03  9.47280999e+03  9.48555979e+03
  9.49830959e+03  9.51105939e+03  9.52380919e+03  9.53655900e+03
  9.54930880e+03  9.56205860e+03  9.57480840e+03  9.58755820e+03
  9.60030800e+03  9.61305780e+03  9.62580760e+03  9.63855740e+03
  9.65130720e+03  9.66405700e+03  9.67680680e+03  9.68955660e+03
  9.70230640e+03  9.71505620e+03  9.72780600e+03  9.74055580e+03
  9.75330560e+03  9.76605540e+03  9.77880521e+03  9.79155501e+03
  9.80430481e+03  9.81705461e+03  9.82980441e+03  9.84255421e+03
  9.85530401e+03  9.86805381e+03  9.88080361e+03  9.89355341e+03
  9.90630321e+03  9.91905301e+03  9.93180281e+03  9.94455261e+03
  9.95730241e+03  9.97005221e+03  9.98280201e+03  9.99555181e+03
  1.00083016e+04  1.00210514e+04  1.00338012e+04  1.00465510e+04
  1.00593008e+04  1.00720506e+04  1.00848004e+04  1.00975502e+04
  1.01103000e+04  1.01230498e+04  1.01357996e+04  1.01485494e+04
  1.01612992e+04  1.01740490e+04  1.01867988e+04  1.01995486e+04
  1.02122984e+04  1.02250482e+04  1.02377980e+04  1.02505478e+04
  1.02632976e+04  1.02760474e+04  1.02887972e+04  1.03015470e+04
  1.03142968e+04  1.03270466e+04  1.03397964e+04  1.03525462e+04
  1.03652960e+04  1.03780458e+04  1.03907956e+04  1.04035454e+04
  1.04162952e+04  1.04290450e+04  1.04417948e+04  1.04545446e+04
  1.04672944e+04  1.04800442e+04  1.04927940e+04  1.05055438e+04
  1.05182936e+04  1.05310434e+04  1.05437932e+04  1.05565430e+04
  1.05692928e+04  1.05820426e+04  1.05947924e+04  1.06075422e+04
  1.06202920e+04  1.06330418e+04  1.06457916e+04  1.06585414e+04
  1.06712912e+04  1.06840410e+04  1.06967908e+04  1.07095406e+04
  1.07222904e+04  1.07350402e+04  1.07477900e+04  1.07605398e+04
  1.07732896e+04  1.07860394e+04  1.07987892e+04  1.08115390e+04
  1.08242888e+04  1.08370387e+04  1.08497885e+04  1.08625383e+04
  1.08752881e+04  1.08880379e+04  1.09007877e+04  1.09135375e+04
  1.09262873e+04  1.09390371e+04  1.09517869e+04  1.09645367e+04
  1.09772865e+04  1.09900363e+04  1.10027861e+04  1.10155359e+04
  1.10282857e+04  1.10410355e+04  1.10537853e+04  1.10665351e+04
  1.10792849e+04  1.10920347e+04  1.11047845e+04  1.11175343e+04
  1.11302841e+04  1.11430339e+04  1.11557837e+04  1.11685335e+04
  1.11812833e+04  1.11940331e+04  1.12067829e+04  1.12195327e+04
  1.12322825e+04  1.12450323e+04  1.12577821e+04  1.12705319e+04
  1.12832817e+04  1.12960315e+04  1.13087813e+04  1.13215311e+04
  1.13342809e+04  1.13470307e+04  1.13597805e+04  1.13725303e+04
  1.13852801e+04  1.13980299e+04  1.14107797e+04  1.14235295e+04
  1.14362793e+04  1.14490291e+04  1.14617789e+04  1.14745287e+04
  1.14872785e+04  1.15000283e+04  1.15127781e+04  1.15255279e+04
  1.15382777e+04  1.15510275e+04  1.15637773e+04  1.15765271e+04
  1.15892769e+04  1.16020267e+04  1.16147765e+04  1.16275263e+04
  1.16402761e+04  1.16530259e+04  1.16657757e+04  1.16785255e+04
  1.16912753e+04  1.17040251e+04  1.17167749e+04  1.17295247e+04
  1.17422745e+04  1.17550243e+04  1.17677741e+04  1.17805239e+04
  1.17932737e+04  1.18060235e+04  1.18187733e+04  1.18315231e+04
  1.18442729e+04  1.18570227e+04  1.18697725e+04  1.18825223e+04
  1.18952721e+04  1.19080219e+04  1.19207717e+04  1.19335215e+04
  1.19462713e+04  1.19590211e+04  1.19717709e+04  1.19845207e+04
  1.19972705e+04  1.20100203e+04  1.20227701e+04  1.20355199e+04
  1.20482697e+04  1.20610195e+04  1.20737693e+04  1.20865191e+04
  1.20992689e+04  1.21120187e+04  1.21247685e+04  1.21375183e+04
  1.21502681e+04  1.21630179e+04  1.21757677e+04  1.21885175e+04
  1.22012673e+04  1.22140171e+04  1.22267669e+04  1.22395167e+04
  1.22522665e+04  1.22650163e+04  1.22777661e+04  1.22905159e+04
  1.23032657e+04  1.23160155e+04  1.23287653e+04  1.23415151e+04
  1.23542649e+04  1.23670147e+04  1.23797645e+04  1.23925143e+04
  1.24052641e+04  1.24180139e+04  1.24307637e+04  1.24435135e+04
  1.24562633e+04  1.24690131e+04  1.24817629e+04  1.24945127e+04
  1.25072625e+04  1.25200123e+04  1.25327621e+04  1.25455119e+04
  1.25582617e+04  1.25710115e+04  1.25837613e+04  1.25965111e+04
  1.26092609e+04  1.26220107e+04  1.26347605e+04  1.26475103e+04
  1.26602601e+04  1.26730099e+04  1.26857597e+04  1.26985095e+04
  1.27112593e+04  1.27240091e+04  1.27367589e+04  1.27495087e+04
  1.27622585e+04  1.27750083e+04  1.27877581e+04  1.28005079e+04
  1.28132577e+04  1.28260075e+04  1.28387573e+04  1.28515071e+04
  1.28642569e+04  1.28770067e+04  1.28897565e+04  1.29025063e+04
  1.29152561e+04  1.29280059e+04  1.29407557e+04  1.29535055e+04
  1.29662553e+04  1.29790051e+04  1.29917549e+04  1.30045047e+04
  1.30172545e+04  1.30300043e+04  1.30427541e+04  1.30555039e+04
  1.30682537e+04  1.30810035e+04  1.30937533e+04  1.31065031e+04
  1.31192529e+04  1.31320027e+04  1.31447525e+04  1.31575023e+04
  1.31702521e+04  1.31830020e+04  1.31957518e+04  1.32085016e+04
  1.32212514e+04  1.32340012e+04  1.32467510e+04  1.32595008e+04
  1.32722506e+04  1.32850004e+04  1.32977502e+04  1.33105000e+04
  1.33232498e+04  1.33359996e+04  1.33487494e+04  1.33614992e+04
  1.33742490e+04  1.33869988e+04  1.33997486e+04  1.34124984e+04
  1.34252482e+04  1.34379980e+04  1.34507478e+04  1.34634976e+04
  1.34762474e+04  1.34889972e+04  1.35017470e+04  1.35144968e+04
  1.35272466e+04  1.35399964e+04  1.35527462e+04  1.35654960e+04
  1.35782458e+04  1.35909956e+04  1.36037454e+04  1.36164952e+04
  1.36292450e+04  1.36419948e+04  1.36547446e+04 -4.07993617e+02
 -3.95243817e+02 -3.82494016e+02 -3.69744216e+02 -3.56994415e+02
 -3.44244615e+02 -3.31494814e+02 -3.18745014e+02 -3.05995213e+02
 -2.93245412e+02 -2.80495612e+02 -2.67745811e+02 -2.54996011e+02
 -2.42246210e+02 -2.29496410e+02 -2.16746609e+02 -2.03996809e+02
 -1.91247008e+02 -1.78497208e+02 -1.65747407e+02 -1.52997607e+02
 -1.40247806e+02 -1.27498005e+02 -1.14748205e+02 -1.01998404e+02
 -8.92486038e+01 -7.64988033e+01 -6.37490027e+01 -5.09992022e+01
 -3.82494016e+01 -2.54996011e+01 -1.27498005e+01 -1.45519152e-11]