[75076.2195900793,
 5505.261186647866,
 -9303.614224324983,
 -5986.157553189313,
 -1118.9098391067632,
 -224.7768667240486,
 -3437.760693770404,
 -8856.636879443782,
 -14353.169906428477,
 -18392.526640628465,
 -20262.010349155506,
 -19980.632483734054,
 -18069.149347630268,
 -15291.900636045271,
 -12432.95085891874,
 -10135.356310456205,
 -8810.303490705386,
 -8609.475684089333,
 -9446.942174120668,
 -11054.242619001217,
 -13052.673528460293,
 -15028.930179127894,
 -16603.35473889922,
 -17483.462926377037,
 -17498.7310127508,
 -16615.539190944124,
 -14933.52350488399,
 -12666.316311391522,
 -10110.753003035263,
 -7609.137575980131,
 -5509.170930341805,
 -4125.751629464926,
 -3708.1652612119806,
 -4415.291138605643,
 -6300.472690686093,
 -9306.708103382756,
 -13271.893925087717,
 -17943.05392726005,
 -22997.84954573383,
 -28071.221655004287,
 -32784.766103460235,
 -36776.39371868508,
 -39727.95419439787,
 -41388.787885256344,
 -41593.578580027024,
 -40273.37772480606,
 -37459.21798831704,
 -33278.29308863431,
 -27943.21494067404,
 -21735.335602756964,
 -14983.512478878427,
 -8039.979301114572,
 -1255.1481531717225,
 5046.797714873421,
 10589.753589424226,
 15163.4313360093,
 18635.748623795418,
 20959.03272764619,
 22169.66048334388,
 22381.24224747775,
 21771.940421693133,
 20566.960063985145,
 19017.62933208221,
 17378.772888237934,
 15886.248417293931,
 14736.54769426974,
 14070.249361305552,
 13960.849641445222,
 14410.09813571856,
 15350.447238634082,
 16654.614371888958,
 18151.594751013006,
 19647.796125722067,
 20951.350417524725,
 21897.14986476481,
 22369.818507973425,
 22321.72302140054,
 21783.30288241232,
 20863.499474766228,
 19738.90928017343,
 18631.474344565275,
 17776.016111342058,
 17380.635502432473,
 17584.808172481436,
 18421.699681908463,
 19792.534427781757,
 21461.40790655191,
 23078.26349696603,
 24235.272699186025,
 24556.837267948253,
 23814.997549979624,
 22049.140177697824,
 19650.32111379986,
 17344.824359521088,
 15977.108064187441,
 15947.15365763428,
 16099.276556375878,
 11786.248582714092,
 -8258.602889472048,
 -66720.85344347489]