[ 0.00000000e+00  0.00000000e+00  0.00000000e+00  0.00000000e+00
  0.00000000e+00  0.00000000e+00  0.00000000e+00  0.00000000e+00
  0.00000000e+00  0.00000000e+00  0.00000000e+00  0.00000000e+00
  0.00000000e+00  0.00000000e+00  0.00000000e+00  0.00000000e+00
  0.00000000e+00  0.00000000e+00  0.00000000e+00  0.00000000e+00
  0.00000000e+00  0.00000000e+00  0.00000000e+00  0.00000000e+00
  0.00000000e+00  0.00000000e+00  0.00000000e+00  0.00000000e+00
  0.00000000e+00  0.00000000e+00  0.00000000e+00  0.00000000e+00
  0.00000000e+00  0.00000000e+00  0.00000000e+00  0.00000000e+00
  0.00000000e+00  0.00000000e+00  0.00000000e+00  0.00000000e+00
  0.00000000e+00  0.00000000e+00  0.00000000e+00  0.00000000e+00
  0.00000000e+00  0.00000000e+00  0.00000000e+00  0.00000000e+00
  0.00000000e+00  0.00000000e+00  0.00000000e+00  0.00000000e+00
  0.00000000e+00  0.00000000e+00  0.00000000e+00  0.00000000e+00
  5.85952987e+04  5.85952987e+04  5.85952987e+04  5.85952987e+04
  5.85952987e+04  5.85952987e+04  5.85952987e+04  5.85952987e+04
  5.85952987e+04  5.85952987e+04  5.85952987e+04  5.85952987e+04
  5.85952987e+04  5.85952987e+04  5.85952987e+04  5.85952987e+04
  5.85952987e+04  5.85952987e+04  5.85952987e+04  5.85952987e+04
  5.85952987e+04  5.85952987e+04  5.85952987e+04  5.85952987e+04
  5.85952987e+04  5.85952987e+04  5.85952987e+04  5.85952987e+04
  5.85952987e+04  5.85952987e+04  5.85952987e+04  5.85952987e+04
  5.85952987e+04  5.85952987e+04  5.85952987e+04  5.85952987e+04
  5.85952987e+04  5.85952987e+04  5.85952987e+04  5.85952987e+04
  5.85952987e+04  5.85952987e+04  5.85952987e+04  5.85952987e+04
  5.85952987e+04  5.85952987e+04  5.85952987e+04  5.85952987e+04
  5.85952987e+04  5.85952987e+04  5.85952987e+04  5.85952987e+04
  5.85952987e+04  5.85952987e+04  5.85952987e+04  5.85952987e+04
  5.85952987e+04  5.85952987e+04  5.85952987e+04  5.85952987e+04
  5.85952987e+04  5.85952987e+04  5.85952987e+04  5.85952987e+04
  5.85952987e+04  5.85952987e+04  5.85952987e+04  5.85952987e+04
  5.85952987e+04  5.85952987e+04  5.85952987e+04  5.85952987e+04
  5.85952987e+04  5.85952987e+04  5.85952987e+04  5.85952987e+04
  5.85952987e+04  5.85952987e+04  5.85952987e+04  5.85952987e+04
  5.85952987e+04  5.85952987e+04  5.85952987e+04  5.85952987e+04
  5.85952987e+04  5.85952987e+04  5.85952987e+04  5.85952987e+04
  5.85952987e+04  5.85952987e+04  5.85952987e+04  5.85952987e+04
  5.85952987e+04  5.85952987e+04  5.85952987e+04  5.85952987e+04
  5.85952987e+04  5.85952987e+04  5.85952987e+04  5.85952987e+04
  5.85952987e+04  5.85952987e+04  5.85952987e+04  5.85952987e+04
  5.85952987e+04  5.85952987e+04  5.85952987e+04  5.85952987e+04
  5.85952987e+04  5.85952987e+04  5.85952987e+04  5.85952987e+04
  5.85952987e+04  5.85952987e+04  5.85952987e+04  5.85952987e+04
  5.85952987e+04  5.85952987e+04  5.85952987e+04  5.85952987e+04
  5.85952987e+04  5.85952987e+04  5.85952987e+04  5.85952987e+04
  5.85952987e+04  5.85952987e+04  5.85952987e+04  5.85952987e+04
  5.85952987e+04  5.85952987e+04  5.85952987e+04  5.85952987e+04
  5.85952987e+04  5.85952987e+04  5.85952987e+04  5.85952987e+04
  5.85952987e+04  5.85952987e+04  5.85952987e+04  5.85952987e+04
  5.85952987e+04  5.85952987e+04  5.85952987e+04  5.85952987e+04
  5.85952987e+04  5.85952987e+04  5.85952987e+04  5.85952987e+04
  5.85952987e+04  5.85952987e+04  5.85952987e+04  5.85952987e+04
  5.85952987e+04  5.85952987e+04  5.85952987e+04  5.85952987e+04
  5.85952987e+04  5.85952987e+04  5.85952987e+04  5.85952987e+04
  5.85952987e+04  5.85952987e+04  5.85952987e+04  5.85952987e+04
  5.85952987e+04  5.85952987e+04  5.85952987e+04  5.85952987e+04
  5.85952987e+04  5.85952987e+04  5.85952987e+04  5.85952987e+04
  5.85952987e+04  5.85952987e+04  5.85952987e+04  5.85952987e+04
  5.85952987e+04  5.85952987e+04  5.85952987e+04  5.85952987e+04
  5.85952987e+04  5.85952987e+04  5.85952987e+04  5.85952987e+04
  5.85952987e+04  5.85952987e+04  5.85952987e+04  5.85952987e+04
  5.85952987e+04  5.85952987e+04  5.85952987e+04  5.85952987e+04
  5.85952987e+04  5.85952987e+04  5.85952987e+04  5.85952987e+04
  5.85952987e+04  5.85952987e+04  5.85952987e+04  5.85952987e+04
  5.85952987e+04  5.85952987e+04  5.85952987e+04  5.85952987e+04
  5.85952987e+04  5.85952987e+04  5.85952987e+04  5.85952987e+04
  5.85952987e+04  5.85952987e+04  5.85952987e+04  5.85952987e+04
  5.85952987e+04  5.85952987e+04  5.85952987e+04  5.85952987e+04
  5.85952987e+04  5.85952987e+04  5.85952987e+04  5.85952987e+04
  5.85952987e+04  5.85952987e+04  5.85952987e+04  5.85952987e+04
  5.85952987e+04  5.85952987e+04  5.85952987e+04  5.85952987e+04
  5.85952987e+04  5.85952987e+04  5.85952987e+04  5.85952987e+04
  5.85952987e+04  5.85952987e+04  5.85952987e+04  5.85952987e+04
  5.85952987e+04  5.85952987e+04  5.85952987e+04  5.85952987e+04
  5.85952987e+04  5.85952987e+04  5.85952987e+04  5.85952987e+04
  5.85952987e+04  5.85952987e+04  5.85952987e+04  5.85952987e+04
  5.85952987e+04  5.85952987e+04  5.85952987e+04  5.85952987e+04
  5.85952987e+04  5.85952987e+04  5.85952987e+04  5.85952987e+04
  5.85952987e+04  5.85952987e+04  5.85952987e+04  5.85952987e+04
  5.85952987e+04  5.85952987e+04  5.85952987e+04  5.85952987e+04
  5.85952987e+04  5.85952987e+04  5.85952987e+04  5.85952987e+04
  5.85952987e+04  5.85952987e+04  5.85952987e+04  5.85952987e+04
  5.85952987e+04  5.85952987e+04  5.85952987e+04  5.85952987e+04
  5.85952987e+04  5.85952987e+04  5.85952987e+04  5.85952987e+04
  5.85952987e+04  5.85952987e+04  5.85952987e+04  5.85952987e+04
  5.85952987e+04  5.85952987e+04  5.85952987e+04  5.85952987e+04
  5.85952987e+04  5.85952987e+04  5.85952987e+04  5.85952987e+04
  5.85952987e+04  5.85952987e+04  5.85952987e+04  5.85952987e+04
  5.85952987e+04  5.85952987e+04  5.85952987e+04  5.85952987e+04
  5.85952987e+04  5.85952987e+04  5.85952987e+04  5.85952987e+04
  5.85952987e+04  5.85952987e+04  5.85952987e+04  5.85952987e+04
  5.85952987e+04  5.85952987e+04  5.85952987e+04  5.85952987e+04
  5.85952987e+04  5.85952987e+04  5.85952987e+04  5.85952987e+04
  5.85952987e+04  5.85952987e+04  5.85952987e+04  5.85952987e+04
  5.85952987e+04  5.85952987e+04  5.85952987e+04  5.85952987e+04
  5.85952987e+04  5.85952987e+04  5.85952987e+04  5.85952987e+04
  5.85952987e+04  5.85952987e+04  5.85952987e+04  5.85952987e+04
  5.85952987e+04  5.85952987e+04  5.85952987e+04  5.85952987e+04
  5.85952987e+04  5.85952987e+04  5.85952987e+04  5.85952987e+04
  5.85952987e+04  5.85952987e+04  5.85952987e+04  5.85952987e+04
  5.85952987e+04  5.85952987e+04  5.85952987e+04  5.85952987e+04
  5.85952987e+04  5.85952987e+04  5.85952987e+04  5.85952987e+04
  5.85952987e+04  5.85952987e+04  5.85952987e+04  5.85952987e+04
 -1.41022062e+04 -1.41022062e+04 -1.41022062e+04 -1.41022062e+04
 -1.41022062e+04 -1.41022062e+04 -1.41022062e+04 -1.41022062e+04
 -1.41022062e+04 -1.41022062e+04 -1.41022062e+04 -1.41022062e+04
 -1.41022062e+04 -1.41022062e+04 -1.41022062e+04 -1.41022062e+04
 -1.41022062e+04 -1.41022062e+04 -1.41022062e+04 -1.41022062e+04
 -1.41022062e+04 -1.41022062e+04 -1.41022062e+04 -1.41022062e+04
 -1.41022062e+04 -1.41022062e+04 -1.41022062e+04 -1.41022062e+04
 -1.41022062e+04 -1.41022062e+04 -1.41022062e+04 -1.41022062e+04
 -1.41022062e+04 -1.41022062e+04 -1.41022062e+04 -1.41022062e+04
 -1.41022062e+04 -1.41022062e+04 -1.41022062e+04 -1.41022062e+04
 -1.41022062e+04 -1.41022062e+04 -1.41022062e+04 -1.41022062e+04
 -1.41022062e+04 -1.41022062e+04 -1.41022062e+04 -1.41022062e+04
 -1.41022062e+04 -1.41022062e+04 -1.14118791e+05 -1.14118791e+05
 -1.14118791e+05 -1.14118791e+05 -1.14118791e+05 -1.14118791e+05
 -1.14118791e+05 -1.14118791e+05 -1.14118791e+05 -1.14118791e+05
 -1.14118791e+05 -1.14118791e+05 -1.14118791e+05 -1.14118791e+05
 -1.14118791e+05 -1.14118791e+05 -1.14118791e+05 -1.14118791e+05
 -1.14118791e+05 -1.14118791e+05 -1.14118791e+05 -1.14118791e+05
 -1.14118791e+05 -1.14118791e+05 -1.14118791e+05 -1.14118791e+05
 -1.14118791e+05 -1.14118791e+05 -1.14118791e+05 -1.14118791e+05
 -1.14118791e+05 -1.14118791e+05 -1.14118791e+05 -1.14118791e+05
 -1.14118791e+05 -1.14118791e+05 -1.14118791e+05 -1.14118791e+05
 -1.14118791e+05 -1.14118791e+05 -1.14118791e+05 -1.14118791e+05
 -1.14118791e+05 -1.14118791e+05 -1.14118791e+05 -1.14118791e+05
 -1.14118791e+05 -1.14118791e+05 -1.14118791e+05 -1.14118791e+05
 -1.14118791e+05 -3.16993773e+04 -3.16993773e+04 -3.16993773e+04
 -3.16993773e+04 -3.16993773e+04 -3.16993773e+04 -3.16993773e+04
 -3.16993773e+04 -3.16993773e+04 -3.16993773e+04 -3.16993773e+04
 -3.16993773e+04 -3.16993773e+04 -3.16993773e+04 -3.16993773e+04
 -3.16993773e+04 -3.16993773e+04 -3.16993773e+04 -3.16993773e+04
 -3.16993773e+04 -3.16993773e+04 -3.16993773e+04 -3.16993773e+04
 -3.16993773e+04 -3.16993773e+04 -3.16993773e+04 -3.16993773e+04
 -3.16993773e+04 -3.16993773e+04 -3.16993773e+04 -3.16993773e+04
 -3.16993773e+04 -3.16993773e+04 -3.16993773e+04 -3.16993773e+04
 -3.16993773e+04 -3.16993773e+04 -3.16993773e+04 -3.16993773e+04
 -3.16993773e+04 -3.16993773e+04 -3.16993773e+04 -3.16993773e+04
 -3.16993773e+04 -3.16993773e+04 -3.16993773e+04 -3.16993773e+04
 -3.16993773e+04 -3.16993773e+04 -3.16993773e+04 -3.16993773e+04
 -3.16993773e+04 -3.16993773e+04 -3.16993773e+04 -3.16993773e+04
 -3.16993773e+04 -3.16993773e+04 -3.16993773e+04 -3.16993773e+04
 -3.16993773e+04 -3.16993773e+04 -3.16993773e+04 -3.16993773e+04
 -3.16993773e+04 -3.16993773e+04 -3.16993773e+04 -3.16993773e+04
 -3.16993773e+04 -3.16993773e+04 -3.16993773e+04 -3.16993773e+04
 -3.16993773e+04 -3.16993773e+04 -3.16993773e+04 -3.16993773e+04
 -3.16993773e+04 -3.16993773e+04 -3.16993773e+04 -3.16993773e+04
 -3.16993773e+04 -3.16993773e+04 -3.16993773e+04 -3.16993773e+04
 -3.16993773e+04 -3.16993773e+04 -3.16993773e+04 -3.16993773e+04
 -3.16993773e+04 -3.16993773e+04 -3.16993773e+04 -3.16993773e+04
 -3.16993773e+04 -3.16993773e+04 -3.16993773e+04 -3.16993773e+04
 -3.16993773e+04 -3.16993773e+04 -3.16993773e+04 -3.16993773e+04
 -3.16993773e+04 -3.16993773e+04 -3.16993773e+04 -3.16993773e+04
 -3.16993773e+04 -3.16993773e+04 -3.16993773e+04 -3.16993773e+04
 -3.16993773e+04 -3.16993773e+04 -3.16993773e+04 -3.16993773e+04
 -3.16993773e+04 -3.16993773e+04 -3.16993773e+04 -3.16993773e+04
 -3.16993773e+04 -3.16993773e+04 -3.16993773e+04 -3.16993773e+04
 -3.16993773e+04 -3.16993773e+04 -3.16993773e+04 -3.16993773e+04
 -3.16993773e+04 -3.16993773e+04 -3.16993773e+04 -3.16993773e+04
 -3.16993773e+04 -3.16993773e+04 -3.16993773e+04 -3.16993773e+04
 -3.16993773e+04 -3.16993773e+04 -3.16993773e+04 -3.16993773e+04
 -3.16993773e+04 -3.16993773e+04 -3.16993773e+04 -3.16993773e+04
 -3.16993773e+04 -3.16993773e+04 -3.16993773e+04 -3.16993773e+04
 -3.16993773e+04 -3.16993773e+04 -3.16993773e+04 -3.16993773e+04
 -3.16993773e+04 -3.16993773e+04 -3.16993773e+04 -3.16993773e+04
 -3.16993773e+04 -3.16993773e+04 -3.16993773e+04 -3.16993773e+04
 -3.16993773e+04 -3.16993773e+04 -3.16993773e+04 -3.16993773e+04
 -3.16993773e+04 -3.16993773e+04 -3.16993773e+04 -3.16993773e+04
 -3.16993773e+04 -3.16993773e+04 -3.16993773e+04 -3.16993773e+04
 -3.16993773e+04 -3.16993773e+04 -3.16993773e+04 -3.16993773e+04
 -3.16993773e+04 -3.16993773e+04 -3.16993773e+04 -3.16993773e+04
 -3.16993773e+04 -3.16993773e+04 -3.16993773e+04 -3.16993773e+04
 -3.16993773e+04 -3.16993773e+04 -3.16993773e+04 -3.16993773e+04
 -3.16993773e+04 -3.16993773e+04 -3.16993773e+04 -3.16993773e+04
 -3.16993773e+04 -3.16993773e+04 -3.16993773e+04 -3.16993773e+04
 -3.16993773e+04 -3.16993773e+04 -3.16993773e+04 -3.16993773e+04
 -3.16993773e+04 -3.16993773e+04 -3.16993773e+04 -3.16993773e+04
 -3.16993773e+04 -3.16993773e+04 -3.16993773e+04 -3.16993773e+04
 -3.16993773e+04 -3.16993773e+04 -3.16993773e+04 -3.16993773e+04
 -3.16993773e+04 -3.16993773e+04 -3.16993773e+04 -3.16993773e+04
 -3.16993773e+04 -3.16993773e+04 -3.16993773e+04 -3.16993773e+04
 -3.16993773e+04 -3.16993773e+04 -3.16993773e+04 -3.16993773e+04
 -3.16993773e+04 -3.16993773e+04 -3.16993773e+04 -3.16993773e+04
 -3.16993773e+04 -3.16993773e+04 -3.16993773e+04 -3.16993773e+04
 -3.16993773e+04 -3.16993773e+04 -3.16993773e+04 -3.16993773e+04
 -3.16993773e+04 -3.16993773e+04 -3.16993773e+04 -3.16993773e+04
 -3.16993773e+04 -3.16993773e+04 -3.16993773e+04 -3.16993773e+04
 -3.16993773e+04 -3.16993773e+04 -3.16993773e+04 -3.16993773e+04
 -3.16993773e+04 -3.16993773e+04 -3.16993773e+04 -3.16993773e+04
 -3.16993773e+04 -3.16993773e+04 -3.16993773e+04 -3.16993773e+04
 -3.16993773e+04 -3.16993773e+04 -3.16993773e+04 -3.16993773e+04
 -3.16993773e+04 -3.16993773e+04 -3.16993773e+04 -3.16993773e+04
 -3.16993773e+04 -3.16993773e+04 -3.16993773e+04 -3.16993773e+04
 -3.16993773e+04 -3.16993773e+04 -3.16993773e+04 -3.16993773e+04
 -3.16993773e+04 -3.16993773e+04 -3.16993773e+04 -3.16993773e+04
 -3.16993773e+04 -3.16993773e+04 -3.16993773e+04 -3.16993773e+04
 -3.16993773e+04 -3.16993773e+04 -3.16993773e+04 -3.16993773e+04
 -3.16993773e+04 -3.16993773e+04 -3.16993773e+04 -3.16993773e+04
 -3.16993773e+04 -3.16993773e+04 -3.16993773e+04 -3.16993773e+04
 -3.16993773e+04 -3.16993773e+04 -3.16993773e+04 -3.16993773e+04
 -3.16993773e+04 -3.16993773e+04 -3.16993773e+04 -3.16993773e+04
 -3.16993773e+04 -3.16993773e+04 -3.16993773e+04 -3.16993773e+04
 -3.16993773e+04 -3.16993773e+04 -3.16993773e+04 -3.16993773e+04
 -3.16993773e+04 -3.16993773e+04 -3.16993773e+04 -3.16993773e+04
 -3.16993773e+04 -3.16993773e+04 -3.16993773e+04 -3.16993773e+04
 -3.16993773e+04 -3.16993773e+04 -3.16993773e+04 -3.16993773e+04
 -3.16993773e+04 -3.16993773e+04 -3.16993773e+04 -3.16993773e+04
 -3.16993773e+04 -3.16993773e+04 -3.16993773e+04 -3.16993773e+04
 -3.16993773e+04 -3.16993773e+04 -3.16993773e+04 -3.16993773e+04
 -3.16993773e+04 -3.16993773e+04 -3.16993773e+04 -3.16993773e+04
 -3.16993773e+04 -3.16993773e+04 -3.16993773e+04 -3.16993773e+04
 -3.16993773e+04 -3.16993773e+04 -3.16993773e+04 -3.16993773e+04
 -3.16993773e+04 -3.16993773e+04 -3.16993773e+04 -3.16993773e+04
 -3.16993773e+04 -3.16993773e+04 -3.16993773e+04 -3.16993773e+04
 -3.16993773e+04 -3.16993773e+04 -3.16993773e+04 -3.16993773e+04
 -3.16993773e+04 -3.16993773e+04 -3.16993773e+04 -3.16993773e+04
 -3.16993773e+04 -3.16993773e+04 -3.16993773e+04 -3.16993773e+04
 -3.16993773e+04 -3.16993773e+04 -3.16993773e+04 -3.16993773e+04
 -3.16993773e+04 -3.16993773e+04 -3.16993773e+04 -3.16993773e+04
 -3.16993773e+04 -3.16993773e+04 -3.16993773e+04 -3.16993773e+04
 -3.16993773e+04 -3.16993773e+04 -3.16993773e+04 -3.16993773e+04
 -3.16993773e+04 -3.16993773e+04 -3.16993773e+04 -3.16993773e+04
 -3.16993773e+04 -3.16993773e+04 -3.16993773e+04 -3.16993773e+04
 -3.16993773e+04 -3.16993773e+04 -3.16993773e+04 -3.16993773e+04
 -3.16993773e+04 -3.16993773e+04 -3.16993773e+04 -3.16993773e+04
 -3.16993773e+04 -3.16993773e+04 -3.16993773e+04 -3.16993773e+04
 -3.16993773e+04 -3.16993773e+04 -3.16993773e+04 -3.16993773e+04
 -3.16993773e+04 -3.16993773e+04 -3.16993773e+04 -3.16993773e+04
 -3.16993773e+04 -3.16993773e+04 -3.16993773e+04 -3.16993773e+04
 -3.16993773e+04 -3.16993773e+04 -3.16993773e+04 -3.16993773e+04
 -3.16993773e+04 -3.16993773e+04 -3.16993773e+04 -3.16993773e+04
 -3.16993773e+04 -3.16993773e+04 -3.16993773e+04 -3.16993773e+04
 -3.16993773e+04 -3.16993773e+04 -3.16993773e+04 -3.16993773e+04
 -3.16993773e+04 -3.16993773e+04 -3.16993773e+04 -3.16993773e+04
 -3.16993773e+04 -3.16993773e+04 -3.16993773e+04 -3.16993773e+04
 -3.16993773e+04 -3.16993773e+04 -3.16993773e+04 -3.16993773e+04
 -3.16993773e+04 -3.16993773e+04 -3.16993773e+04 -3.16993773e+04
 -3.16993773e+04 -3.16993773e+04 -3.16993773e+04 -3.16993773e+04
 -3.16993773e+04 -3.16993773e+04 -3.16993773e+04 -3.16993773e+04
 -3.16993773e+04 -3.16993773e+04 -3.16993773e+04 -3.16993773e+04
 -3.16993773e+04 -3.16993773e+04 -3.16993773e+04  2.91038305e-11
  2.91038305e-11  2.91038305e-11  2.91038305e-11  2.91038305e-11
  2.91038305e-11  2.91038305e-11  2.91038305e-11  2.91038305e-11
  2.91038305e-11  2.91038305e-11  2.91038305e-11  2.91038305e-11
  2.91038305e-11  2.91038305e-11  2.91038305e-11  2.91038305e-11
  2.91038305e-11  2.91038305e-11  2.91038305e-11  2.91038305e-11
  2.91038305e-11  2.91038305e-11  2.91038305e-11  2.91038305e-11
  2.91038305e-11  2.91038305e-11  2.91038305e-11  2.91038305e-11
  2.91038305e-11  2.91038305e-11  2.91038305e-11  2.91038305e-11]