[99242.80317099877,
 10179.430406399048,
 -18564.074047177855,
 -13251.513802788084,
 6788.307967089801,
 29168.66738457829,
 47301.14318030941,
 58829.68285294588,
 64077.88501150531,
 64740.024038251584,
 62909.07165900825,
 60448.275039876484,
 58663.06659631946,
 58206.366526134094,
 59144.23207212962,
 61113.82664976727,
 63516.98202218821,
 65706.69679805907,
 67138.31719994743,
 67470.29307732511,
 66610.36354918883,
 64711.369512907986,
 62126.54403479773,
 59337.27731607575,
 56867.33292914436,
 55196.73853150725,
 54686.553543551636,
 55522.88673447815,
 57685.31875864337,
 60941.64076594624,
 64867.84261599515,
 68889.79016656752,
 72341.16292304649,
 74531.05292412628,
 74814.16205731772,
 72656.7336867217,
 67692.12877073132,
 59761.18886074053,
 48934.08134006997,
 35512.05025995103,
 20009.254845824664,
 3116.5330134875558,
 -14349.637725389028,
 -31508.58853293309,
 -47482.18299912952,
 -61461.36090232603,
 -72767.15116028771,
 -80901.31359499125,
 -85582.63848784957,
 -86766.09182617051,
 -84643.35555371226,
 -79624.77675218899,
 -72304.20207709058,
 -63409.5287304987,
 -53742.95207458807,
 -44115.74651759401,
 -35282.91239846371,
 -27883.111780949115,
 -22388.98112917382,
 -19072.158160992953,
 -17986.23264852136,
 -18969.394268967128,
 -21666.89900597078,
 -25571.725720862218,
 -30080.079759598022,
 -34556.86368924194,
 -38405.02005050175,
 -41131.89177611067,
 -42405.557126000036,
 -42094.560957811,
 -40285.623955132876,
 -37275.75447012287,
 -33537.640642222235,
 -29660.121830426266,
 -26268.71478763186,
 -23934.31726665132,
 -23080.98153997186,
 -23905.643725071106,
 -26323.484532779737,
 -29951.759863057297,
 -34142.100989870836,
 -38066.17675948181,
 -40852.149720057816,
 -41759.7363762203,
 -40370.482653225125,
 -36758.204334102025,
 -31594.23186611263,
 -26135.847666987036,
 -22047.945833485228,
 -21022.706811230473,
 -24196.89447498521,
 -31430.23975521685,
 -40612.72598873698,
 -47327.81094394279,
 -45430.523385720924,
 -29425.79502005774,
 20.156724927378427,
 25502.17957903505,
 -5492.4149558688505,
 -210495.86420884277]