[ 0.00000000e+00 -4.52564394e-01 -9.05128789e-01 -1.35769318e+00
 -1.81025758e+00 -2.26282197e+00 -2.71538637e+00 -3.16795076e+00
 -3.62051515e+00 -4.07307955e+00 -4.52564394e+00 -4.97820834e+00
 -5.43077273e+00 -5.88333713e+00 -6.33590152e+00 -6.78846591e+00
 -7.24103031e+00 -7.69359470e+00 -8.14615910e+00 -8.59872349e+00
 -9.05128789e+00 -9.50385228e+00 -9.95641667e+00 -1.04089811e+01
 -1.08615455e+01 -1.13141099e+01 -1.17666743e+01 -1.22192386e+01
 -1.26718030e+01 -1.31243674e+01 -1.35769318e+01 -1.40294962e+01
 -1.44820606e+01 -1.49346250e+01 -1.53871894e+01 -1.58397538e+01
 -1.62923182e+01 -1.67448826e+01 -1.71974470e+01 -1.76500114e+01
 -1.81025758e+01 -1.85551402e+01 -1.90077046e+01 -1.94602690e+01
 -1.99128333e+01 -2.03653977e+01 -2.08179621e+01 -2.12705265e+01
 -2.17230909e+01 -2.21756553e+01 -2.26282197e+01 -2.30807841e+01
 -2.35333485e+01 -2.39859129e+01 -2.44384773e+01 -2.48910417e+01
 -2.45330868e+02 -2.45783432e+02 -2.46235997e+02 -2.46688561e+02
 -2.47141126e+02 -2.47593690e+02 -2.48046254e+02 -2.48498819e+02
 -2.48951383e+02 -2.49403948e+02 -2.49856512e+02 -2.50309076e+02
 -2.50761641e+02 -2.51214205e+02 -2.51666770e+02 -2.52119334e+02
 -2.52571898e+02 -2.53024463e+02 -2.53477027e+02 -2.53929592e+02
 -2.54382156e+02 -2.54834720e+02 -2.55287285e+02 -2.55739849e+02
 -2.56192413e+02 -2.56644978e+02 -2.57097542e+02 -2.57550107e+02
 -2.58002671e+02 -2.58455235e+02 -2.58907800e+02 -2.59360364e+02
 -2.59812929e+02 -2.60265493e+02 -2.60718057e+02 -2.61170622e+02
 -2.61623186e+02 -2.62075751e+02 -2.62528315e+02 -2.62980879e+02
 -2.63433444e+02 -2.63886008e+02 -2.64338573e+02 -2.64791137e+02
 -2.65243701e+02 -2.65696266e+02 -2.66148830e+02 -2.66601395e+02
 -2.67053959e+02 -2.67506523e+02 -2.67959088e+02 -2.68411652e+02
 -2.68864217e+02 -2.69316781e+02 -2.69769345e+02 -2.70221910e+02
 -2.70674474e+02 -2.71127039e+02 -2.71579603e+02 -2.72032167e+02
 -2.72484732e+02 -2.72937296e+02 -2.73389860e+02 -2.73842425e+02
 -2.74294989e+02 -2.74747554e+02 -2.75200118e+02 -2.75652682e+02
 -2.76105247e+02 -2.76557811e+02 -2.77010376e+02 -2.77462940e+02
 -2.77915504e+02 -2.78368069e+02 -2.78820633e+02 -2.79273198e+02
 -2.79725762e+02 -2.80178326e+02 -2.80630891e+02 -2.81083455e+02
 -2.81536020e+02 -2.81988584e+02 -2.82441148e+02 -2.82893713e+02
 -2.83346277e+02 -2.83798842e+02 -2.84251406e+02 -2.84703970e+02
 -2.85156535e+02 -2.85609099e+02 -2.86061664e+02 -2.86514228e+02
 -2.86966792e+02 -2.87419357e+02 -2.87871921e+02 -2.88324485e+02
 -2.88777050e+02 -2.89229614e+02 -2.89682179e+02 -2.90134743e+02
 -2.90587307e+02 -2.91039872e+02 -2.91492436e+02 -2.91945001e+02
 -2.92397565e+02 -2.92850129e+02 -2.93302694e+02 -2.93755258e+02
 -2.94207823e+02 -2.94660387e+02 -2.95112951e+02 -2.95565516e+02
 -2.96018080e+02 -2.96470645e+02 -2.96923209e+02 -2.97375773e+02
 -2.97828338e+02 -2.98280902e+02 -2.98733467e+02 -2.99186031e+02
 -2.99638595e+02 -3.00091160e+02 -3.00543724e+02 -3.00996289e+02
 -3.01448853e+02 -3.01901417e+02 -3.02353982e+02 -3.02806546e+02
 -3.03259110e+02 -3.03711675e+02 -3.04164239e+02 -3.04616804e+02
 -3.05069368e+02 -3.05521932e+02 -3.05974497e+02 -3.06427061e+02
 -3.06879626e+02 -3.07332190e+02 -3.07784754e+02 -3.08237319e+02
 -3.08689883e+02 -3.09142448e+02 -3.09595012e+02 -3.10047576e+02
 -3.10500141e+02 -3.10952705e+02 -3.11405270e+02 -3.11857834e+02
 -3.12310398e+02 -3.12762963e+02 -3.13215527e+02 -3.13668092e+02
 -3.14120656e+02 -3.14573220e+02 -3.15025785e+02 -3.15478349e+02
 -3.15930914e+02 -3.16383478e+02 -3.16836042e+02 -3.17288607e+02
 -3.17741171e+02 -3.18193736e+02 -3.18646300e+02 -3.19098864e+02
 -3.19551429e+02 -3.20003993e+02 -3.20456557e+02 -3.20909122e+02
 -3.21361686e+02 -3.21814251e+02 -3.22266815e+02 -3.22719379e+02
 -3.23171944e+02 -3.23624508e+02 -3.24077073e+02 -3.24529637e+02
 -3.24982201e+02 -3.25434766e+02 -3.25887330e+02 -3.26339895e+02
 -3.26792459e+02 -3.27245023e+02 -3.27697588e+02 -3.28150152e+02
 -3.28602717e+02 -3.29055281e+02 -3.29507845e+02 -3.29960410e+02
 -3.30412974e+02 -3.30865539e+02 -3.31318103e+02 -3.31770667e+02
 -3.32223232e+02 -3.32675796e+02 -3.33128361e+02 -3.33580925e+02
 -3.34033489e+02 -3.34486054e+02 -3.34938618e+02 -3.35391182e+02
 -3.35843747e+02 -3.36296311e+02 -3.36748876e+02 -3.37201440e+02
 -3.37654004e+02 -3.38106569e+02 -3.38559133e+02 -3.39011698e+02
 -3.39464262e+02 -3.39916826e+02 -3.40369391e+02 -3.40821955e+02
 -3.41274520e+02 -3.41727084e+02 -3.42179648e+02 -3.42632213e+02
 -3.43084777e+02 -3.43537342e+02 -3.43989906e+02 -3.44442470e+02
 -3.44895035e+02 -3.45347599e+02 -3.45800164e+02 -3.46252728e+02
 -3.46705292e+02 -3.47157857e+02 -3.47610421e+02 -3.48062986e+02
 -3.48515550e+02 -3.48968114e+02 -3.49420679e+02 -3.49873243e+02
 -3.50325808e+02 -3.50778372e+02 -3.51230936e+02 -3.51683501e+02
 -3.52136065e+02 -3.52588629e+02 -3.53041194e+02 -3.53493758e+02
 -3.53946323e+02 -3.54398887e+02 -3.54851451e+02 -3.55304016e+02
 -3.55756580e+02 -3.56209145e+02 -3.56661709e+02 -3.57114273e+02
 -3.57566838e+02 -3.58019402e+02 -3.58471967e+02 -3.58924531e+02
 -3.59377095e+02 -3.59829660e+02 -3.60282224e+02 -3.60734789e+02
 -3.61187353e+02 -3.61639917e+02 -3.62092482e+02 -3.62545046e+02
 -3.62997611e+02 -3.63450175e+02 -3.63902739e+02 -3.64355304e+02
 -3.64807868e+02 -3.65260433e+02 -3.65712997e+02 -3.66165561e+02
 -3.66618126e+02 -3.67070690e+02 -3.67523254e+02 -3.67975819e+02
 -3.68428383e+02 -3.68880948e+02 -3.69333512e+02 -3.69786076e+02
 -3.70238641e+02 -3.70691205e+02 -3.71143770e+02 -3.71596334e+02
 -3.72048898e+02 -3.72501463e+02 -3.72954027e+02 -3.73406592e+02
 -3.73859156e+02 -3.74311720e+02 -3.74764285e+02 -3.75216849e+02
 -3.75669414e+02 -3.76121978e+02 -3.76574542e+02 -3.77027107e+02
 -3.77479671e+02 -3.77932236e+02 -3.78384800e+02 -3.78837364e+02
 -3.79289929e+02 -3.79742493e+02 -3.80195058e+02 -3.80647622e+02
 -3.81100186e+02 -3.81552751e+02 -3.82005315e+02 -3.82457879e+02
 -3.82910444e+02 -3.83363008e+02 -3.83815573e+02 -3.84268137e+02
 -3.84720701e+02 -3.85173266e+02 -3.85625830e+02 -3.86078395e+02
 -3.86530959e+02 -3.86983523e+02 -3.87436088e+02 -3.87888652e+02
 -3.88341217e+02 -3.88793781e+02 -3.89246345e+02 -3.89698910e+02
 -3.90151474e+02 -3.90604039e+02 -3.91056603e+02 -3.91509167e+02
 -3.91961732e+02 -3.92414296e+02 -3.92866861e+02 -3.93319425e+02
 -3.93771989e+02 -3.94224554e+02 -3.94677118e+02 -3.95129683e+02
 -3.95582247e+02 -3.96034811e+02 -3.96487376e+02 -3.96939940e+02
 -3.97392505e+02 -3.97845069e+02 -3.98297633e+02 -3.98750198e+02
 -3.99202762e+02 -3.99655326e+02 -4.00107891e+02 -4.00560455e+02
 -4.01013020e+02 -4.01465584e+02 -4.01918148e+02 -4.02370713e+02
 -4.02823277e+02 -4.03275842e+02 -4.03728406e+02 -4.04180970e+02
 -4.04633535e+02 -4.05086099e+02 -4.05538664e+02 -4.05991228e+02
 -4.29490792e+03 -4.29536048e+03 -4.29581305e+03 -4.29626561e+03
 -4.29671818e+03 -4.29717074e+03 -4.29762331e+03 -4.29807587e+03
 -4.29852843e+03 -4.29898100e+03 -4.29943356e+03 -4.29988613e+03
 -4.30033869e+03 -4.30079126e+03 -4.30124382e+03 -4.30169638e+03
 -4.30214895e+03 -4.30260151e+03 -4.30305408e+03 -4.30350664e+03
 -4.30395921e+03 -4.30441177e+03 -4.30486434e+03 -4.30531690e+03
 -4.30576946e+03 -4.30622203e+03 -4.30667459e+03 -4.30712716e+03
 -4.30757972e+03 -4.30803229e+03 -4.30848485e+03 -4.30893742e+03
 -4.30938998e+03 -4.30984254e+03 -4.31029511e+03 -4.31074767e+03
 -4.31120024e+03 -4.31165280e+03 -4.31210537e+03 -4.31255793e+03
 -4.31301049e+03 -4.31346306e+03 -4.31391562e+03 -4.31436819e+03
 -4.31482075e+03 -4.31527332e+03 -4.31572588e+03 -4.31617845e+03
 -4.31663101e+03 -4.31708357e+03 -4.04591662e+03 -4.04636919e+03
 -4.04682175e+03 -4.04727432e+03 -4.04772688e+03 -4.04817944e+03
 -4.04863201e+03 -4.04908457e+03 -4.04953714e+03 -4.04998970e+03
 -4.05044227e+03 -4.05089483e+03 -4.05134740e+03 -4.05179996e+03
 -4.05225252e+03 -4.05270509e+03 -4.05315765e+03 -4.05361022e+03
 -4.05406278e+03 -4.05451535e+03 -4.05496791e+03 -4.05542047e+03
 -4.05587304e+03 -4.05632560e+03 -4.05677817e+03 -4.05723073e+03
 -4.05768330e+03 -4.05813586e+03 -4.05858843e+03 -4.05904099e+03
 -4.05949355e+03 -4.05994612e+03 -4.06039868e+03 -4.06085125e+03
 -4.06130381e+03 -4.06175638e+03 -4.06220894e+03 -4.06266151e+03
 -4.06311407e+03 -4.06356663e+03 -4.06401920e+03 -4.06447176e+03
 -4.06492433e+03 -4.06537689e+03 -4.06582946e+03 -4.06628202e+03
 -4.06673458e+03 -4.06718715e+03 -4.06763971e+03 -4.06809228e+03
 -4.06854484e+03  3.39474870e+02  3.39022306e+02  3.38569741e+02
  3.38117177e+02  3.37664612e+02  3.37212048e+02  3.36759484e+02
  3.36306919e+02  3.35854355e+02  3.35401791e+02  3.34949226e+02
  3.34496662e+02  3.34044097e+02  3.33591533e+02  3.33138969e+02
  3.32686404e+02  3.32233840e+02  3.31781275e+02  3.31328711e+02
  3.30876147e+02  3.30423582e+02  3.29971018e+02  3.29518453e+02
  3.29065889e+02  3.28613325e+02  3.28160760e+02  3.27708196e+02
  3.27255631e+02  3.26803067e+02  3.26350503e+02  3.25897938e+02
  3.25445374e+02  3.24992809e+02  3.24540245e+02  3.24087681e+02
  3.23635116e+02  3.23182552e+02  3.22729987e+02  3.22277423e+02
  3.21824859e+02  3.21372294e+02  3.20919730e+02  3.20467165e+02
  3.20014601e+02  3.19562037e+02  3.19109472e+02  3.18656908e+02
  3.18204344e+02  3.17751779e+02  3.17299215e+02  3.16846650e+02
  3.16394086e+02  3.15941522e+02  3.15488957e+02  3.15036393e+02
  3.14583828e+02  3.14131264e+02  3.13678700e+02  3.13226135e+02
  3.12773571e+02  3.12321006e+02  3.11868442e+02  3.11415878e+02
  3.10963313e+02  3.10510749e+02  3.10058184e+02  3.09605620e+02
  3.09153056e+02  3.08700491e+02  3.08247927e+02  3.07795362e+02
  3.07342798e+02  3.06890234e+02  3.06437669e+02  3.05985105e+02
  3.05532540e+02  3.05079976e+02  3.04627412e+02  3.04174847e+02
  3.03722283e+02  3.03269719e+02  3.02817154e+02  3.02364590e+02
  3.01912025e+02  3.01459461e+02  3.01006897e+02  3.00554332e+02
  3.00101768e+02  2.99649203e+02  2.99196639e+02  2.98744075e+02
  2.98291510e+02  2.97838946e+02  2.97386381e+02  2.96933817e+02
  2.96481253e+02  2.96028688e+02  2.95576124e+02  2.95123559e+02
  2.94670995e+02  2.94218431e+02  2.93765866e+02  2.93313302e+02
  2.92860737e+02  2.92408173e+02  2.91955609e+02  2.91503044e+02
  2.91050480e+02  2.90597915e+02  2.90145351e+02  2.89692787e+02
  2.89240222e+02  2.88787658e+02  2.88335094e+02  2.87882529e+02
  2.87429965e+02  2.86977400e+02  2.86524836e+02  2.86072272e+02
  2.85619707e+02  2.85167143e+02  2.84714578e+02  2.84262014e+02
  2.83809450e+02  2.83356885e+02  2.82904321e+02  2.82451756e+02
  2.81999192e+02  2.81546628e+02  2.81094063e+02  2.80641499e+02
  2.80188934e+02  2.79736370e+02  2.79283806e+02  2.78831241e+02
  2.78378677e+02  2.77926112e+02  2.77473548e+02  2.77020984e+02
  2.76568419e+02  2.76115855e+02  2.75663290e+02  2.75210726e+02
  2.74758162e+02  2.74305597e+02  2.73853033e+02  2.73400468e+02
  2.72947904e+02  2.72495340e+02  2.72042775e+02  2.71590211e+02
  2.71137647e+02  2.70685082e+02  2.70232518e+02  2.69779953e+02
  2.69327389e+02  2.68874825e+02  2.68422260e+02  2.67969696e+02
  2.67517131e+02  2.67064567e+02  2.66612003e+02  2.66159438e+02
  2.65706874e+02  2.65254309e+02  2.64801745e+02  2.64349181e+02
  2.63896616e+02  2.63444052e+02  2.62991487e+02  2.62538923e+02
  2.62086359e+02  2.61633794e+02  2.61181230e+02  2.60728665e+02
  2.60276101e+02  2.59823537e+02  2.59370972e+02  2.58918408e+02
  2.58465843e+02  2.58013279e+02  2.57560715e+02  2.57108150e+02
  2.56655586e+02  2.56203022e+02  2.55750457e+02  2.55297893e+02
  2.54845328e+02  2.54392764e+02  2.53940200e+02  2.53487635e+02
  2.53035071e+02  2.52582506e+02  2.52129942e+02  2.51677378e+02
  2.51224813e+02  2.50772249e+02  2.50319684e+02  2.49867120e+02
  2.49414556e+02  2.48961991e+02  2.48509427e+02  2.48056862e+02
  2.47604298e+02  2.47151734e+02  2.46699169e+02  2.46246605e+02
  2.45794040e+02  2.45341476e+02  2.44888912e+02  2.44436347e+02
  2.43983783e+02  2.43531218e+02  2.43078654e+02  2.42626090e+02
  2.42173525e+02  2.41720961e+02  2.41268396e+02  2.40815832e+02
  2.40363268e+02  2.39910703e+02  2.39458139e+02  2.39005575e+02
  2.38553010e+02  2.38100446e+02  2.37647881e+02  2.37195317e+02
  2.36742753e+02  2.36290188e+02  2.35837624e+02  2.35385059e+02
  2.34932495e+02  2.34479931e+02  2.34027366e+02  2.33574802e+02
  2.33122237e+02  2.32669673e+02  2.32217109e+02  2.31764544e+02
  2.31311980e+02  2.30859415e+02  2.30406851e+02  2.29954287e+02
  2.29501722e+02  2.29049158e+02  2.28596593e+02  2.28144029e+02
  2.27691465e+02  2.27238900e+02  2.26786336e+02  2.26333771e+02
  2.25881207e+02  2.25428643e+02  2.24976078e+02  2.24523514e+02
  2.24070950e+02  2.23618385e+02  2.23165821e+02  2.22713256e+02
  2.22260692e+02  2.21808128e+02  2.21355563e+02  2.20902999e+02
  2.20450434e+02  2.19997870e+02  2.19545306e+02  2.19092741e+02
  2.18640177e+02  2.18187612e+02  2.17735048e+02  2.17282484e+02
  2.16829919e+02  2.16377355e+02  2.15924790e+02  2.15472226e+02
  2.15019662e+02  2.14567097e+02  2.14114533e+02  2.13661968e+02
  2.13209404e+02  2.12756840e+02  2.12304275e+02  2.11851711e+02
  2.11399146e+02  2.10946582e+02  2.10494018e+02  2.10041453e+02
  2.09588889e+02  2.09136325e+02  2.08683760e+02  2.08231196e+02
  2.07778631e+02  2.07326067e+02  2.06873503e+02  2.06420938e+02
  2.05968374e+02  2.05515809e+02  2.05063245e+02  2.04610681e+02
  2.04158116e+02  2.03705552e+02  2.03252987e+02  2.02800423e+02
  2.02347859e+02  2.01895294e+02  2.01442730e+02  2.00990165e+02
  2.00537601e+02  2.00085037e+02  1.99632472e+02  1.99179908e+02
  1.98727343e+02  1.98274779e+02  1.97822215e+02  1.97369650e+02
  1.96917086e+02  1.96464521e+02  1.96011957e+02  1.95559393e+02
  1.95106828e+02  1.94654264e+02  1.94201699e+02  1.93749135e+02
  1.93296571e+02  1.92844006e+02  1.92391442e+02  1.91938878e+02
  1.91486313e+02  1.91033749e+02  1.90581184e+02  1.90128620e+02
  1.89676056e+02  1.89223491e+02  1.88770927e+02  1.88318362e+02
  1.87865798e+02  1.87413234e+02  1.86960669e+02  1.86508105e+02
  1.86055540e+02  1.85602976e+02  1.85150412e+02  1.84697847e+02
  1.84245283e+02  1.83792718e+02  1.83340154e+02  1.82887590e+02
  1.82435025e+02  1.81982461e+02  1.81529896e+02  1.81077332e+02
  1.80624768e+02  1.80172203e+02  1.79719639e+02  1.79267074e+02
  1.78814510e+02  1.78361946e+02  1.77909381e+02  1.77456817e+02
  1.77004253e+02  1.76551688e+02  1.76099124e+02  1.75646559e+02
  1.75193995e+02  1.74741431e+02  1.74288866e+02  1.73836302e+02
  1.73383737e+02  1.72931173e+02  1.72478609e+02  1.72026044e+02
  1.71573480e+02  1.71120915e+02  1.70668351e+02  1.70215787e+02
  1.69763222e+02  1.69310658e+02  1.68858093e+02  1.68405529e+02
  1.67952965e+02  1.67500400e+02  1.67047836e+02  1.66595271e+02
  1.66142707e+02  1.65690143e+02  1.65237578e+02  1.64785014e+02
  1.64332449e+02  1.63879885e+02  1.63427321e+02  1.62974756e+02
  1.62522192e+02  1.62069627e+02  1.61617063e+02  1.61164499e+02
  1.60711934e+02  1.60259370e+02  1.59806806e+02  1.59354241e+02
  1.58901677e+02  1.58449112e+02  1.57996548e+02  1.57543984e+02
  1.57091419e+02  1.56638855e+02  1.56186290e+02  1.55733726e+02
  1.55281162e+02  1.54828597e+02  1.54376033e+02  1.53923468e+02
  1.53470904e+02  1.53018340e+02  1.52565775e+02  1.52113211e+02
  1.51660646e+02  1.51208082e+02  1.50755518e+02  1.50302953e+02
  1.49850389e+02  1.49397824e+02  1.48945260e+02  1.48492696e+02
  1.48040131e+02  1.47587567e+02  1.47135002e+02  1.46682438e+02
  1.46229874e+02  1.45777309e+02  1.45324745e+02  1.44872181e+02
  1.44419616e+02  1.43967052e+02  1.43514487e+02  1.43061923e+02
  1.42609359e+02  1.42156794e+02  1.41704230e+02  1.41251665e+02
  1.40799101e+02  1.40346537e+02  1.39893972e+02  1.39441408e+02
  1.38988843e+02  1.38536279e+02  1.38083715e+02  1.37631150e+02
  1.37178586e+02  1.36726021e+02  1.36273457e+02  1.35820893e+02
  1.35368328e+02  1.34915764e+02  1.34463199e+02  1.44820606e+01
  1.40294962e+01  1.35769318e+01  1.31243674e+01  1.26718030e+01
  1.22192386e+01  1.17666743e+01  1.13141099e+01  1.08615455e+01
  1.04089811e+01  9.95641667e+00  9.50385228e+00  9.05128789e+00
  8.59872349e+00  8.14615910e+00  7.69359470e+00  7.24103031e+00
  6.78846591e+00  6.33590152e+00  5.88333713e+00  5.43077273e+00
  4.97820834e+00  4.52564394e+00  4.07307955e+00  3.62051515e+00
  3.16795076e+00  2.71538637e+00  2.26282197e+00  1.81025758e+00
  1.35769318e+00  9.05128789e-01  4.52564394e-01 -2.10320650e-12]