[ 1.20864983e-02  1.20470296e-02  1.20075608e-02  1.19680921e-02
  1.19286234e-02  1.18891546e-02  1.18496859e-02  1.18102171e-02
  1.17707484e-02  1.17312796e-02  1.16918108e-02  1.16523421e-02
  1.16128733e-02  1.15734044e-02  1.15339356e-02  1.14944667e-02
  1.14549978e-02  1.14155289e-02  1.13760599e-02  1.13365909e-02
  1.12971218e-02  1.12576527e-02  1.12181835e-02  1.11787143e-02
  1.11392450e-02  1.10997756e-02  1.10603061e-02  1.10208365e-02
  1.09813669e-02  1.09418971e-02  1.09024272e-02  1.08629572e-02
  1.08234871e-02  1.07840168e-02  1.07445464e-02  1.07050758e-02
  1.06656051e-02  1.06261342e-02  1.05866631e-02  1.05471918e-02
  1.05077203e-02  1.04682486e-02  1.04287767e-02  1.03893045e-02
  1.03498321e-02  1.03103594e-02  1.02708864e-02  1.02314132e-02
  1.01919397e-02  1.01524658e-02  1.01129917e-02  1.00735172e-02
  1.00340423e-02  9.99456711e-03  9.95509152e-03  9.91561554e-03
  9.87613921e-03  9.83666296e-03  9.79718737e-03  9.75771302e-03
  9.71824049e-03  9.67877037e-03  9.63930322e-03  9.59983964e-03
  9.56038019e-03  9.52092546e-03  9.48147603e-03  9.44203248e-03
  9.40259538e-03  9.36316531e-03  9.32374285e-03  9.28432857e-03
  9.24492306e-03  9.20552689e-03  9.16614064e-03  9.12676488e-03
  9.08740018e-03  9.04804714e-03  9.00870631e-03  8.96937827e-03
  8.93006361e-03  8.89076289e-03  8.85147669e-03  8.81220558e-03
  8.77295014e-03  8.73371094e-03  8.69448856e-03  8.65528356e-03
  8.61609652e-03  8.57692801e-03  8.53777860e-03  8.49864887e-03
  8.45953939e-03  8.42045073e-03  8.38138345e-03  8.34233814e-03
  8.30331536e-03  8.26431568e-03  8.22533968e-03  8.18638791e-03
  8.14746096e-03  8.10855938e-03  8.06968376e-03  8.03083465e-03
  7.99201263e-03  7.95321827e-03  7.91445212e-03  7.87571477e-03
  7.83700678e-03  7.79832870e-03  7.75968113e-03  7.72106460e-03
  7.68247971e-03  7.64392700e-03  7.60540705e-03  7.56692042e-03
  7.52846768e-03  7.49004939e-03  7.45166611e-03  7.41331842e-03
  7.37500687e-03  7.33673203e-03  7.29849446e-03  7.26029473e-03
  7.22213340e-03  7.18401103e-03  7.14592818e-03  7.10788542e-03
  7.06988330e-03  7.03192240e-03  6.99400327e-03  6.95612647e-03
  6.91829257e-03  6.88050211e-03  6.84275568e-03  6.80505382e-03
  6.76739709e-03  6.72978605e-03  6.69222127e-03  6.65470331e-03
  6.61723271e-03  6.57981004e-03  6.54243587e-03  6.50511073e-03
  6.46783520e-03  6.43060983e-03  6.39343518e-03  6.35631181e-03
  6.31924026e-03  6.28222111e-03  6.24525490e-03  6.20834218e-03
  6.17148353e-03  6.13467948e-03  6.09793060e-03  6.06123744e-03
  6.02460056e-03  5.98802050e-03  5.95149783e-03  5.91503309e-03
  5.87862684e-03  5.84227964e-03  5.80599203e-03  5.76976457e-03
  5.73359781e-03  5.69749231e-03  5.66144861e-03  5.62546726e-03
  5.58954883e-03  5.55369385e-03  5.51790288e-03  5.48217647e-03
  5.44651517e-03  5.41091953e-03  5.37539010e-03  5.33992743e-03
  5.30453206e-03  5.26920455e-03  5.23394545e-03  5.19875530e-03
  5.16363465e-03  5.12858405e-03  5.09360405e-03  5.05869519e-03
  5.02385802e-03  4.98909309e-03  4.95440094e-03  4.91978212e-03
  4.88523718e-03  4.85076666e-03  4.81637111e-03  4.78205106e-03
  4.74780708e-03  4.71363970e-03  4.67954946e-03  4.64553691e-03
  4.61160259e-03  4.57774705e-03  4.54397083e-03  4.51027447e-03
  4.47665852e-03  4.44312352e-03  4.40967000e-03  4.37629852e-03
  4.34300961e-03  4.30980381e-03  4.27668167e-03  4.24364373e-03
  4.21069052e-03  4.17782259e-03  4.14504047e-03  4.11234472e-03
  4.07973586e-03  4.04721443e-03  4.01478098e-03  3.98243604e-03
  3.95018015e-03  3.91801385e-03  3.88593768e-03  3.85395217e-03
  3.82205786e-03  3.79025530e-03  3.75854500e-03  3.72692752e-03
  3.69540339e-03  3.66397314e-03  3.63263731e-03  3.60139644e-03
  3.57025105e-03  3.53920170e-03  3.50824890e-03  3.47739319e-03
  3.44663511e-03  3.41597520e-03  3.38541398e-03  3.35495198e-03
  3.32458975e-03  3.29432782e-03  3.26416671e-03  3.23410696e-03
  3.20414910e-03  3.17429366e-03  3.14454117e-03  3.11489217e-03
  3.08534719e-03  3.05590675e-03  3.02657139e-03  2.99734163e-03
  2.96821801e-03  2.93920105e-03  2.91029130e-03  2.88148926e-03
  2.85279548e-03  2.82421047e-03  2.79573478e-03  2.76736892e-03
  2.73911343e-03  2.71096883e-03  2.68293565e-03  2.65501441e-03
  2.62720564e-03  2.59950988e-03  2.57192764e-03  2.54445944e-03
  2.51710583e-03  2.48986731e-03  2.46274442e-03  2.43573768e-03
  2.40884762e-03  2.38207475e-03  2.35541961e-03  2.32888271e-03
  2.30246458e-03  2.27616574e-03  2.24998672e-03  2.22392804e-03
  2.19799022e-03  2.17217377e-03  2.14647924e-03  2.12090712e-03
  2.09545795e-03  2.07013225e-03  2.04493054e-03  2.01985334e-03
  1.99490116e-03  1.97007453e-03  1.94537397e-03  1.92080000e-03
  1.89635313e-03  1.87203388e-03  1.84784278e-03  1.82378034e-03
  1.79984708e-03  1.77604351e-03  1.75237016e-03  1.72882754e-03
  1.70541616e-03  1.68213656e-03  1.65898923e-03  1.63597470e-03
  1.61309348e-03  1.59034609e-03  1.56773304e-03  1.54525486e-03
  1.52291204e-03  1.50070511e-03  1.47863459e-03  1.45670098e-03
  1.43490480e-03  1.41324656e-03  1.39172677e-03  1.37034596e-03
  1.34910462e-03  1.32800328e-03  1.30704245e-03  1.28622263e-03
  1.26554434e-03  1.24500809e-03  1.22461439e-03  1.20436375e-03
  1.18425669e-03  1.16429370e-03  1.14447531e-03  1.12480202e-03
  1.10527434e-03  1.08589278e-03  1.06665784e-03  1.04757005e-03
  1.02862990e-03  1.00983790e-03  9.91194562e-04  9.72700394e-04
  9.54355902e-04  9.36161592e-04  9.18117971e-04  9.00225546e-04
  8.82484822e-04  8.64896305e-04  8.47460502e-04  8.30177917e-04
  8.13049055e-04  7.96074421e-04  7.79254520e-04  7.62589855e-04
  7.46080931e-04  7.29728252e-04  7.13532321e-04  6.97493640e-04
  6.81612713e-04  6.65890043e-04  6.50326132e-04  6.34921481e-04
  6.19676593e-04  6.04591970e-04  5.89668112e-04  5.74905520e-04
  5.60304696e-04  5.45866139e-04  5.31590350e-04  5.17477829e-04
  5.03529075e-04  4.89744588e-04  4.76124867e-04  4.62670411e-04
  4.49381718e-04  4.36259287e-04  4.23303616e-04  4.10515202e-04
  3.97894543e-04  3.85442136e-04  3.73158479e-04  3.61044067e-04
  3.49099398e-04  3.37324968e-04  3.25721271e-04  3.14288805e-04
  3.03028064e-04  2.91939543e-04  2.81023738e-04  2.70281143e-04
  2.59712252e-04  2.49317558e-04  2.39097557e-04  2.29052741e-04
  2.19183604e-04  2.09490638e-04  1.99974336e-04  1.90635191e-04
  1.81473694e-04  1.72490338e-04  1.63685614e-04  1.55060014e-04
  1.46614028e-04  1.38348147e-04  1.30262862e-04  1.22358663e-04
  1.14636041e-04  1.07095484e-04  9.97374821e-05  9.25625248e-05
  8.55711008e-05  7.87636987e-05  7.21408069e-05  6.57029135e-05
  5.94505064e-05  5.33840731e-05  4.75041008e-05  4.18110767e-05
  3.63054875e-05  3.09878197e-05  2.58585594e-05  2.09181927e-05
  1.61671684e-05  1.16054750e-05  7.23278780e-06  3.04877602e-06
 -9.46891444e-07 -4.75454597e-06 -8.37451921e-06 -1.18071431e-05
 -1.50527497e-05 -1.81116717e-05 -2.09842415e-05 -2.36707924e-05
 -2.61716575e-05 -2.84871703e-05 -3.06176647e-05 -3.25634746e-05
 -3.43249345e-05 -3.59023789e-05 -3.72961428e-05 -3.85065611e-05
 -3.95339695e-05 -4.03787034e-05 -4.10410989e-05 -4.15214922e-05
 -4.18202197e-05 -4.19376182e-05 -4.18740248e-05 -4.16297767e-05
 -4.12052114e-05 -4.06006668e-05 -3.98164810e-05 -3.88529924e-05
 -3.77105395e-05 -3.63894613e-05 -3.48900970e-05 -3.32127859e-05
 -3.13578678e-05 -2.93256827e-05 -2.71165708e-05 -2.47308725e-05
 -2.21689288e-05 -1.94310806e-05 -1.65176693e-05 -1.34290364e-05
 -1.01655238e-05 -6.72747356e-06 -3.11522818e-06  6.70869736e-07
  4.63047725e-06  8.76325117e-06  1.30688474e-05  1.75467255e-05
  2.21958747e-05  2.70152148e-05  3.20036656e-05  3.71601462e-05
  4.24835758e-05  4.79728732e-05  5.36269569e-05  5.94447451e-05
  6.54251560e-05  7.15671071e-05  7.78695160e-05  8.43312998e-05
  9.09513755e-05  9.77286597e-05  1.04662069e-04  1.11750519e-04
  1.18992926e-04  1.26388205e-04  1.33935272e-04  1.41633042e-04
  1.49480430e-04  1.57476349e-04  1.65619715e-04  1.73909441e-04
  1.82344441e-04  1.90923629e-04  1.99645917e-04  2.08510218e-04
  2.17515446e-04  2.26660511e-04  2.35944328e-04  2.45365806e-04
  2.54923859e-04  2.64617396e-04  2.74445330e-04  2.84406571e-04
  2.94500029e-04  3.04724614e-04  3.15079237e-04  3.25562808e-04
  3.36174234e-04  3.46912427e-04  3.57776294e-04  3.68764744e-04
  3.79876685e-04  3.91111026e-04  4.02466675e-04  4.13942538e-04
  4.25537523e-04  4.37250591e-04  4.49081247e-04  4.61029319e-04
  4.73094638e-04  4.85277034e-04  4.97576338e-04  5.09992380e-04
  5.22524990e-04  5.35173998e-04  5.47939233e-04  5.60820524e-04
  5.73817700e-04  5.86930589e-04  6.00159020e-04  6.13502821e-04
  6.26961819e-04  6.40535842e-04  6.54224718e-04  6.68028273e-04
  6.81946333e-04  6.95978726e-04  7.10125277e-04  7.24385813e-04
  7.38760158e-04  7.53248139e-04  7.67849579e-04  7.82564305e-04
  7.97392141e-04  8.12332910e-04  8.27386437e-04  8.42552546e-04
  8.57831060e-04  8.73221802e-04  8.88724595e-04  9.04339262e-04
  9.20065625e-04  9.35903506e-04  9.51852727e-04  9.67913110e-04
  9.84084476e-04  1.00036665e-03  1.01675944e-03  1.03326268e-03
  1.04987619e-03  1.06659978e-03  1.08343327e-03  1.10037649e-03
  1.11742926e-03  1.13459139e-03  1.15186269e-03  1.16924300e-03
  1.18673213e-03  1.20432989e-03  1.22203610e-03  1.23985059e-03
  1.25777316e-03  1.27580363e-03  1.29394183e-03  1.31218756e-03
  1.33054065e-03  1.34900090e-03  1.36756814e-03  1.38624218e-03
  1.40502283e-03  1.42390990e-03  1.44290322e-03  1.46200260e-03
  1.48120785e-03  1.50051878e-03  1.51993521e-03  1.53945695e-03
  1.55908381e-03  1.57881561e-03  1.59865215e-03  1.61859326e-03
  1.63863873e-03  1.65878839e-03  1.67904204e-03  1.69939949e-03
  1.71986056e-03  1.74042506e-03  1.76109279e-03  1.78186356e-03
  1.80273719e-03  1.82371348e-03  1.84479225e-03  1.86597329e-03
  1.88725643e-03  1.90864146e-03  1.93012820e-03  1.95171645e-03
  1.97340603e-03  1.99519673e-03  2.01708836e-03  2.03908074e-03
  2.06117366e-03  2.08336694e-03  2.10566037e-03  2.12805377e-03
  2.15054694e-03  2.17313969e-03  2.19583181e-03  2.21862311e-03
  2.24151341e-03  2.26450249e-03  2.28759017e-03  2.31077625e-03
  2.33406053e-03  2.35744281e-03  2.38092290e-03  2.40450060e-03
  2.42817571e-03  2.45194803e-03  2.47581737e-03  2.49978352e-03
  2.52384629e-03  2.54800547e-03  2.57226087e-03  2.59661229e-03
  2.62105952e-03  2.64560237e-03  2.67024064e-03  2.69497412e-03
  2.71980262e-03  2.74472592e-03  2.76974384e-03  2.79485616e-03
  2.82006269e-03  2.84536322e-03  2.87075756e-03  2.89624548e-03
  2.92182681e-03  2.94750132e-03  2.97326882e-03  2.99912910e-03
  3.02508196e-03  3.05112719e-03  3.07726458e-03  3.10349394e-03
  3.12981506e-03  3.15622773e-03  3.18273174e-03  3.20932689e-03
  3.23601297e-03  3.26278977e-03  3.28965710e-03  3.31661473e-03
  3.34366247e-03  3.37080010e-03  3.39802741e-03  3.42534421e-03
  3.45275027e-03  3.48024539e-03  3.50782937e-03  3.53550198e-03
  3.56326303e-03  3.59111229e-03  3.61904957e-03  3.64707464e-03
  3.67518731e-03  3.70338735e-03  3.73167456e-03  3.76004872e-03
  3.78850963e-03  3.81705706e-03  3.84569082e-03  3.87441068e-03
  3.90321643e-03  3.93210785e-03  3.96108475e-03  3.99014689e-03
  4.01929407e-03  4.04852607e-03  4.07784268e-03  4.10724369e-03
  4.13672887e-03  4.16629801e-03  4.19595090e-03  4.22568731e-03
  4.25550705e-03  4.28540987e-03  4.31539558e-03  4.34546396e-03
  4.37561477e-03  4.40584782e-03  4.43616288e-03  4.46655972e-03
  4.49703815e-03  4.52759792e-03  4.55823883e-03  4.58896066e-03
  4.61976319e-03  4.65064619e-03  4.68160945e-03  4.71265275e-03
  4.74377586e-03  4.77497857e-03  4.80626066e-03  4.83762189e-03
  4.86906206e-03  4.90058093e-03  4.93217830e-03  4.96385392e-03
  4.99560759e-03  5.02743908e-03  5.05934816e-03  5.09133462e-03
  5.12339822e-03  5.15553874e-03  5.18775597e-03  5.22004967e-03
  5.25241962e-03  5.28486560e-03  5.31738737e-03  5.34998472e-03
  5.38265741e-03  5.41540523e-03  5.44822794e-03  5.48112532e-03
  5.51409714e-03  5.54714318e-03  5.58026320e-03  5.61345698e-03
  5.64672428e-03  5.68006489e-03  5.71347858e-03  5.74696510e-03
  5.78052425e-03  5.81415577e-03  5.84785946e-03  5.88163507e-03
  5.91548237e-03  5.94940114e-03  5.98339114e-03  6.01745215e-03
  6.05158392e-03  6.08578624e-03  6.12005887e-03  6.15440157e-03
  6.18881411e-03  6.22329627e-03  6.25784780e-03  6.29246848e-03
  6.32715806e-03  6.36191633e-03  6.39674304e-03  6.43163796e-03
  6.46660085e-03  6.50163148e-03  6.53672961e-03  6.57189502e-03
  6.60712746e-03  6.64242669e-03  6.67779249e-03  6.71322461e-03
  6.74872282e-03  6.78428688e-03  6.81991655e-03  6.85561160e-03
  6.89137179e-03  6.92719688e-03  6.96308663e-03  6.99904080e-03
  7.03505916e-03  7.07114146e-03  7.10728747e-03  7.14349695e-03
  7.17976965e-03  7.21610534e-03  7.25250377e-03  7.28896471e-03
  7.32548791e-03  7.36207313e-03  7.39872014e-03  7.43542868e-03
  7.47219853e-03  7.50902942e-03  7.54592113e-03  7.58287341e-03
  7.61988601e-03  7.65695869e-03  7.69409122e-03  7.73128334e-03
  7.76853481e-03  7.80584538e-03  7.84321482e-03  7.88064287e-03
  7.91812929e-03  7.95567384e-03  7.99327627e-03  8.03093633e-03
  8.06865378e-03  8.10642836e-03  8.14425984e-03  8.18214797e-03
  8.22009250e-03  8.25809317e-03  8.29614975e-03  8.33426198e-03
  8.37242962e-03  8.41065242e-03  8.44893012e-03  8.48726248e-03
  8.52564926e-03  8.56409019e-03  8.60258503e-03  8.64113352e-03
  8.67973543e-03  8.71839049e-03  8.75709846e-03  8.79585908e-03
  8.83467211e-03  8.87353728e-03  8.91245436e-03  8.95142307e-03
  8.99044318e-03  9.02951443e-03  9.06863657e-03  9.10780934e-03
  9.14703249e-03  9.18630576e-03  9.22562890e-03  9.26500165e-03
  9.30442377e-03  9.34389499e-03  9.38341506e-03  9.42298373e-03
  9.46260073e-03  9.50226581e-03  9.54197872e-03  9.58173919e-03
  9.62154697e-03  9.66140181e-03  9.70130344e-03  9.74125161e-03
  9.78124606e-03  9.82128653e-03  9.86137276e-03  9.90150450e-03
  9.94168148e-03  9.98190344e-03  1.00221701e-02  1.00624813e-02
  1.01028366e-02  1.01432359e-02  1.01836789e-02  1.02241653e-02
  1.02646949e-02  1.03052673e-02  1.03458824e-02  1.03865399e-02
  1.04272395e-02  1.04679809e-02  1.05087639e-02  1.05495882e-02
  1.05904536e-02  1.06313598e-02  1.06723065e-02  1.07132935e-02
  1.07543205e-02  1.07953872e-02  1.08364934e-02  1.08776388e-02
  1.09188231e-02  1.09600461e-02  1.10013075e-02  1.10426071e-02
  1.10839445e-02  1.11253196e-02  1.11667319e-02  1.12081814e-02
  1.12496676e-02  1.12911904e-02  1.13327495e-02  1.13743445e-02
  1.14159753e-02  1.14576416e-02  1.14993430e-02  1.15410794e-02
  1.15828504e-02  1.16246558e-02  1.16664953e-02  1.17083686e-02
  1.17502755e-02  1.17922157e-02  1.18341890e-02  1.18761950e-02
  1.19182334e-02  1.19603041e-02  1.20024067e-02  1.20445410e-02
  1.20867066e-02  1.21289034e-02  1.21711310e-02  1.22133892e-02
  1.22556777e-02  1.22979962e-02  1.23403445e-02  1.23827222e-02
  1.24251291e-02  1.24675649e-02  1.25100294e-02  1.25525223e-02
  1.25950432e-02  1.26375919e-02  1.26801682e-02  1.27227717e-02
  1.27654023e-02  1.28080595e-02  1.28507431e-02  1.28934529e-02
  1.29361886e-02  1.29789498e-02  1.30217364e-02  1.30645480e-02
  1.31073843e-02  1.31502451e-02  1.31931301e-02  1.32360390e-02
  1.32789716e-02  1.33219275e-02  1.33649064e-02  1.34079082e-02
  1.34509324e-02  1.34939789e-02  1.35370473e-02  1.35801373e-02
  1.36232488e-02  1.36663813e-02  1.37095346e-02  1.37527085e-02
  1.37959026e-02  1.38391166e-02  1.38823503e-02  1.39256034e-02
  1.39688756e-02  1.40121666e-02  1.40554762e-02  1.40988040e-02
  1.41421497e-02  1.41855131e-02  1.42288939e-02  1.42722918e-02
  1.43157065e-02  1.43591378e-02  1.44025852e-02  1.44460486e-02
  1.44895277e-02  1.45330221e-02  1.45765316e-02  1.46200559e-02
  1.46635948e-02  1.47071478e-02  1.47507147e-02  1.47942953e-02
  1.48378894e-02  1.48814970e-02  1.49251181e-02  1.49687528e-02
  1.50124012e-02  1.50560632e-02  1.50997389e-02  1.51434283e-02
  1.51871314e-02  1.52308483e-02  1.52745790e-02  1.53183236e-02
  1.53620820e-02  1.54058543e-02  1.54496405e-02  1.54934407e-02
  1.55372549e-02  1.55810831e-02  1.56249253e-02  1.56687816e-02
  1.57126520e-02  1.57565365e-02  1.58004352e-02  1.58443481e-02
  1.58882751e-02  1.59322164e-02  1.59761720e-02  1.60201418e-02
  1.60641259e-02  1.61081244e-02  1.61521373e-02  1.61961645e-02]