[-5.88354720e-03 -5.86453037e-03 -5.84551355e-03 -5.82649672e-03
 -5.80747990e-03 -5.78846307e-03 -5.76944625e-03 -5.75042942e-03
 -5.73141260e-03 -5.71239577e-03 -5.69337895e-03 -5.67436212e-03
 -5.65534530e-03 -5.63632847e-03 -5.61731165e-03 -5.59829482e-03
 -5.57927800e-03 -5.56026117e-03 -5.54124434e-03 -5.52222752e-03
 -5.50321069e-03 -5.48419387e-03 -5.46517704e-03 -5.44616022e-03
 -5.42714339e-03 -5.40812657e-03 -5.38910974e-03 -5.37009292e-03
 -5.35107609e-03 -5.33205927e-03 -5.31304244e-03 -5.29402562e-03
 -5.27500879e-03 -5.25599197e-03 -5.23697514e-03 -5.21795832e-03
 -5.19894149e-03 -5.17992466e-03 -5.16090784e-03 -5.14189101e-03
 -5.12287419e-03 -5.10385736e-03 -5.08484054e-03 -5.06582371e-03
 -5.04680689e-03 -5.02779006e-03 -5.00877324e-03 -4.98975641e-03
 -4.97073959e-03 -4.95172276e-03 -4.93270594e-03 -4.91368911e-03
 -4.89467229e-03 -4.87565546e-03 -4.85663863e-03 -4.83762181e-03
 -4.81860501e-03 -4.79958843e-03 -4.78057232e-03 -4.76155695e-03
 -4.74254257e-03 -4.72352944e-03 -4.70451782e-03 -4.68550798e-03
 -4.66650015e-03 -4.64749462e-03 -4.62849162e-03 -4.60949143e-03
 -4.59049431e-03 -4.57150050e-03 -4.55251027e-03 -4.53352387e-03
 -4.51454158e-03 -4.49556363e-03 -4.47659030e-03 -4.45762184e-03
 -4.43865851e-03 -4.41970056e-03 -4.40074827e-03 -4.38180188e-03
 -4.36286165e-03 -4.34392784e-03 -4.32500072e-03 -4.30608053e-03
 -4.28716754e-03 -4.26826201e-03 -4.24936419e-03 -4.23047435e-03
 -4.21159274e-03 -4.19271962e-03 -4.17385525e-03 -4.15499988e-03
 -4.13615378e-03 -4.11731721e-03 -4.09849042e-03 -4.07967367e-03
 -4.06086722e-03 -4.04207133e-03 -4.02328626e-03 -4.00451227e-03
 -3.98574960e-03 -3.96699854e-03 -3.94825932e-03 -3.92953221e-03
 -3.91081747e-03 -3.89211536e-03 -3.87342613e-03 -3.85475005e-03
 -3.83608737e-03 -3.81743836e-03 -3.79880326e-03 -3.78018234e-03
 -3.76157585e-03 -3.74298407e-03 -3.72440723e-03 -3.70584561e-03
 -3.68729946e-03 -3.66876904e-03 -3.65025461e-03 -3.63175642e-03
 -3.61327474e-03 -3.59480983e-03 -3.57636193e-03 -3.55793132e-03
 -3.53951824e-03 -3.52112297e-03 -3.50274575e-03 -3.48438684e-03
 -3.46604651e-03 -3.44772501e-03 -3.42942260e-03 -3.41113954e-03
 -3.39287609e-03 -3.37463250e-03 -3.35640904e-03 -3.33820596e-03
 -3.32002352e-03 -3.30186199e-03 -3.28372161e-03 -3.26560265e-03
 -3.24750536e-03 -3.22943001e-03 -3.21137686e-03 -3.19334615e-03
 -3.17533815e-03 -3.15735313e-03 -3.13939133e-03 -3.12145301e-03
 -3.10353844e-03 -3.08564788e-03 -3.06778157e-03 -3.04993979e-03
 -3.03212278e-03 -3.01433081e-03 -2.99656413e-03 -2.97882301e-03
 -2.96110770e-03 -2.94341847e-03 -2.92575556e-03 -2.90811924e-03
 -2.89050976e-03 -2.87292740e-03 -2.85537239e-03 -2.83784501e-03
 -2.82034551e-03 -2.80287415e-03 -2.78543118e-03 -2.76801688e-03
 -2.75063148e-03 -2.73327527e-03 -2.71594848e-03 -2.69865138e-03
 -2.68138423e-03 -2.66414730e-03 -2.64694082e-03 -2.62976507e-03
 -2.61262031e-03 -2.59550678e-03 -2.57842476e-03 -2.56137450e-03
 -2.54435625e-03 -2.52737028e-03 -2.51041684e-03 -2.49349620e-03
 -2.47660861e-03 -2.45975433e-03 -2.44293361e-03 -2.42614673e-03
 -2.40939393e-03 -2.39267547e-03 -2.37599162e-03 -2.35934263e-03
 -2.34272875e-03 -2.32615026e-03 -2.30960740e-03 -2.29310044e-03
 -2.27662964e-03 -2.26019524e-03 -2.24379752e-03 -2.22743672e-03
 -2.21111312e-03 -2.19482696e-03 -2.17857851e-03 -2.16236802e-03
 -2.14619575e-03 -2.13006196e-03 -2.11396692e-03 -2.09791087e-03
 -2.08189407e-03 -2.06591680e-03 -2.04997929e-03 -2.03408182e-03
 -2.01822464e-03 -2.00240801e-03 -1.98663218e-03 -1.97089742e-03
 -1.95520399e-03 -1.93955214e-03 -1.92394213e-03 -1.90837422e-03
 -1.89284867e-03 -1.87736574e-03 -1.86192569e-03 -1.84652876e-03
 -1.83117524e-03 -1.81586536e-03 -1.80059939e-03 -1.78537760e-03
 -1.77020022e-03 -1.75506754e-03 -1.73997980e-03 -1.72493726e-03
 -1.70994019e-03 -1.69498883e-03 -1.68008345e-03 -1.66522431e-03
 -1.65041167e-03 -1.63564577e-03 -1.62092690e-03 -1.60625529e-03
 -1.59163121e-03 -1.57705492e-03 -1.56252668e-03 -1.54804674e-03
 -1.53361537e-03 -1.51923282e-03 -1.50489935e-03 -1.49061521e-03
 -1.47638068e-03 -1.46219601e-03 -1.44806144e-03 -1.43397726e-03
 -1.41994370e-03 -1.40596104e-03 -1.39202952e-03 -1.37814941e-03
 -1.36432097e-03 -1.35054445e-03 -1.33682012e-03 -1.32314823e-03
 -1.30952904e-03 -1.29596280e-03 -1.28244979e-03 -1.26899025e-03
 -1.25558445e-03 -1.24223263e-03 -1.22893507e-03 -1.21569203e-03
 -1.20250374e-03 -1.18937049e-03 -1.17629252e-03 -1.16327010e-03
 -1.15030348e-03 -1.13739292e-03 -1.12453868e-03 -1.11174102e-03
 -1.09900020e-03 -1.08631647e-03 -1.07369010e-03 -1.06112134e-03
 -1.04861045e-03 -1.03615769e-03 -1.02376331e-03 -1.01142759e-03
 -9.99150769e-04 -9.86933113e-04 -9.74774880e-04 -9.62676327e-04
 -9.50637714e-04 -9.38659299e-04 -9.26741341e-04 -9.14884097e-04
 -9.03087827e-04 -8.91352790e-04 -8.79679243e-04 -8.68067445e-04
 -8.56517655e-04 -8.45030132e-04 -8.33605133e-04 -8.22242918e-04
 -8.10943744e-04 -7.99707872e-04 -7.88535558e-04 -7.77427061e-04
 -7.66382641e-04 -7.55402555e-04 -7.44487063e-04 -7.33636422e-04
 -7.22850891e-04 -7.12130730e-04 -7.01476195e-04 -6.90887547e-04
 -6.80365042e-04 -6.69908941e-04 -6.59519501e-04 -6.49196981e-04
 -6.38941640e-04 -6.28753735e-04 -6.18633527e-04 -6.08581272e-04
 -5.98597230e-04 -5.88681660e-04 -5.78834819e-04 -5.69056966e-04
 -5.59348361e-04 -5.49709260e-04 -5.40139924e-04 -5.30640610e-04
 -5.21211577e-04 -5.11853083e-04 -5.02565388e-04 -4.93348749e-04
 -4.84203425e-04 -4.75129675e-04 -4.66127758e-04 -4.57197930e-04
 -4.48340453e-04 -4.39555583e-04 -4.30843579e-04 -4.22204700e-04
 -4.13639205e-04 -4.05147352e-04 -3.96729399e-04 -3.88385605e-04
 -3.80116229e-04 -3.71921529e-04 -3.63801764e-04 -3.55757192e-04
 -3.47788071e-04 -3.39894661e-04 -3.32077220e-04 -3.24336006e-04
 -3.16671278e-04 -3.09083294e-04 -3.01572313e-04 -2.94138594e-04
 -2.86782395e-04 -2.79503974e-04 -2.72303591e-04 -2.65181503e-04
 -2.58137969e-04 -2.51173248e-04 -2.44287598e-04 -2.37481279e-04
 -2.30754547e-04 -2.24107662e-04 -2.17540883e-04 -2.11054468e-04
 -2.04648675e-04 -1.98323763e-04 -1.92079991e-04 -1.85917617e-04
 -1.79836899e-04 -1.73838097e-04 -1.67921469e-04 -1.62087272e-04
 -1.56335767e-04 -1.50667210e-04 -1.45081862e-04 -1.39579980e-04
 -1.34161823e-04 -1.28827650e-04 -1.23577718e-04 -1.18412287e-04
 -1.13331615e-04 -1.08335961e-04 -1.03425583e-04 -9.86007394e-05
 -9.38616892e-05 -8.92086909e-05 -8.46420028e-05 -8.01618836e-05
 -7.57685918e-05 -7.14623859e-05 -6.72435245e-05 -6.31122660e-05
 -5.90688692e-05 -5.51135924e-05 -5.12466942e-05 -4.74684331e-05
 -4.37790678e-05 -4.01788567e-05 -3.66680583e-05 -3.32469313e-05
 -2.99157341e-05 -2.66747253e-05 -2.35241634e-05 -2.04643069e-05
 -1.74954144e-05 -1.46177445e-05 -1.18315557e-05 -9.13710639e-06
 -6.53464079e-06 -4.02422197e-06 -1.60579005e-06  7.20717185e-07
  2.95536196e-06  5.09820649e-06  7.14931301e-06  9.10874373e-06
  1.09765609e-05  1.27528267e-05  1.44376034e-05  1.60309531e-05
  1.75329382e-05  1.89436209e-05  2.02630633e-05  2.14913277e-05
  2.26284763e-05  2.36745713e-05  2.46296750e-05  2.54938495e-05
  2.62671572e-05  2.69496602e-05  2.75414207e-05  2.80425010e-05
  2.84529633e-05  2.87728698e-05  2.90022827e-05  2.91412643e-05
  2.91898768e-05  2.91481824e-05  2.90162433e-05  2.87941218e-05
  2.84818800e-05  2.80795802e-05  2.75872846e-05  2.70050555e-05
  2.63329550e-05  2.55710455e-05  2.47193890e-05  2.37780478e-05
  2.27470842e-05  2.16265604e-05  2.04165386e-05  1.91170810e-05
  1.77282498e-05  1.62501073e-05  1.46827157e-05  1.30261372e-05
  1.12804340e-05  9.44566841e-06  7.52190296e-06  5.50931784e-06
  3.40837515e-06  1.21957843e-06 -1.05656880e-06 -3.41956303e-06
 -5.86890073e-06 -8.40407837e-06 -1.10245925e-05 -1.37299394e-05
 -1.65196158e-05 -1.93931180e-05 -2.23499426e-05 -2.53895860e-05
 -2.85115447e-05 -3.17153152e-05 -3.50003939e-05 -3.83662774e-05
 -4.18124620e-05 -4.53384444e-05 -4.89437209e-05 -5.26277881e-05
 -5.63901424e-05 -6.02302803e-05 -6.41476983e-05 -6.81418929e-05
 -7.22123605e-05 -7.63585976e-05 -8.05801007e-05 -8.48763663e-05
 -8.92468909e-05 -9.36911708e-05 -9.82087027e-05 -1.02798983e-04
 -1.07461508e-04 -1.12195775e-04 -1.17001279e-04 -1.21877518e-04
 -1.26823987e-04 -1.31840184e-04 -1.36925604e-04 -1.42079745e-04
 -1.47302102e-04 -1.52592172e-04 -1.57949453e-04 -1.63373439e-04
 -1.68863628e-04 -1.74419516e-04 -1.80040599e-04 -1.85726375e-04
 -1.91476339e-04 -1.97290009e-04 -2.03167117e-04 -2.09107522e-04
 -2.15111084e-04 -2.21177663e-04 -2.27307119e-04 -2.33499312e-04
 -2.39754103e-04 -2.46071351e-04 -2.52450917e-04 -2.58892660e-04
 -2.65396442e-04 -2.71962122e-04 -2.78589560e-04 -2.85278616e-04
 -2.92029151e-04 -2.98841024e-04 -3.05714096e-04 -3.12648227e-04
 -3.19643277e-04 -3.26699106e-04 -3.33815575e-04 -3.40992543e-04
 -3.48229870e-04 -3.55527417e-04 -3.62885044e-04 -3.70302611e-04
 -3.77779978e-04 -3.85317005e-04 -3.92913553e-04 -4.00569481e-04
 -4.08284650e-04 -4.16058919e-04 -4.23892149e-04 -4.31784201e-04
 -4.39734933e-04 -4.47744207e-04 -4.55811882e-04 -4.63937819e-04
 -4.72121878e-04 -4.80363918e-04 -4.88663800e-04 -4.97021385e-04
 -5.05436532e-04 -5.13909101e-04 -5.22438952e-04 -5.31025946e-04
 -5.39669943e-04 -5.48370803e-04 -5.57128386e-04 -5.65942552e-04
 -5.74813162e-04 -5.83740075e-04 -5.92723151e-04 -6.01762251e-04
 -6.10857235e-04 -6.20007963e-04 -6.29214295e-04 -6.38476092e-04
 -6.47793212e-04 -6.57165517e-04 -6.66592867e-04 -6.76075122e-04
 -6.85612142e-04 -6.95203786e-04 -7.04849916e-04 -7.14550391e-04
 -7.24305072e-04 -7.34113818e-04 -7.43976490e-04 -7.53892948e-04
 -7.63863052e-04 -7.73886662e-04 -7.83963638e-04 -7.94093840e-04
 -8.04277130e-04 -8.14513365e-04 -8.24802408e-04 -8.35144117e-04
 -8.45538354e-04 -8.55984978e-04 -8.66483849e-04 -8.77034827e-04
 -8.87637774e-04 -8.98292548e-04 -9.08999009e-04 -9.19757019e-04
 -9.30566437e-04 -9.41427123e-04 -9.52338938e-04 -9.63301741e-04
 -9.74315393e-04 -9.85379754e-04 -9.96494683e-04 -1.00766004e-03
 -1.01887569e-03 -1.03014149e-03 -1.04145729e-03 -1.05282297e-03
 -1.06423838e-03 -1.07570337e-03 -1.08721782e-03 -1.09878157e-03
 -1.11039450e-03 -1.12205646e-03 -1.13376730e-03 -1.14552690e-03
 -1.15733511e-03 -1.16919179e-03 -1.18109680e-03 -1.19305001e-03
 -1.20505126e-03 -1.21710042e-03 -1.22919736e-03 -1.24134193e-03
 -1.25353399e-03 -1.26577340e-03 -1.27806003e-03 -1.29039372e-03
 -1.30277435e-03 -1.31520177e-03 -1.32767585e-03 -1.34019644e-03
 -1.35276340e-03 -1.36537659e-03 -1.37803588e-03 -1.39074112e-03
 -1.40349217e-03 -1.41628890e-03 -1.42913116e-03 -1.44201881e-03
 -1.45495172e-03 -1.46792975e-03 -1.48095274e-03 -1.49402057e-03
 -1.50713310e-03 -1.52029018e-03 -1.53349168e-03 -1.54673745e-03
 -1.56002736e-03 -1.57336126e-03 -1.58673901e-03 -1.60016049e-03
 -1.61362553e-03 -1.62713402e-03 -1.64068580e-03 -1.65428073e-03
 -1.66791868e-03 -1.68159951e-03 -1.69532308e-03 -1.70908924e-03
 -1.72289786e-03 -1.73674879e-03 -1.75064190e-03 -1.76457705e-03
 -1.77855410e-03 -1.79257290e-03 -1.80663332e-03 -1.82073522e-03
 -1.83487846e-03 -1.84906289e-03 -1.86328839e-03 -1.87755480e-03
 -1.89186199e-03 -1.90620981e-03 -1.92059814e-03 -1.93502683e-03
 -1.94949573e-03 -1.96400471e-03 -1.97855363e-03 -1.99314236e-03
 -2.00777074e-03 -2.02243864e-03 -2.03714592e-03 -2.05189244e-03
 -2.06667806e-03 -2.08150264e-03 -2.09636604e-03 -2.11126812e-03
 -2.12620874e-03 -2.14118776e-03 -2.15620504e-03 -2.17126044e-03
 -2.18635383e-03 -2.20148505e-03 -2.21665398e-03 -2.23186047e-03
 -2.24710438e-03 -2.26238557e-03 -2.27770390e-03 -2.29305924e-03
 -2.30845143e-03 -2.32388035e-03 -2.33934585e-03 -2.35484780e-03
 -2.37038604e-03 -2.38596045e-03 -2.40157089e-03 -2.41721720e-03
 -2.43289926e-03 -2.44861692e-03 -2.46437005e-03 -2.48015850e-03
 -2.49598213e-03 -2.51184081e-03 -2.52773439e-03 -2.54366273e-03
 -2.55962570e-03 -2.57562315e-03 -2.59165495e-03 -2.60772095e-03
 -2.62382102e-03 -2.63995501e-03 -2.65612279e-03 -2.67232421e-03
 -2.68855914e-03 -2.70482743e-03 -2.72112895e-03 -2.73746355e-03
 -2.75383110e-03 -2.77023146e-03 -2.78666448e-03 -2.80313003e-03
 -2.81962797e-03 -2.83615815e-03 -2.85272044e-03 -2.86931469e-03
 -2.88594077e-03 -2.90259854e-03 -2.91928786e-03 -2.93600858e-03
 -2.95276057e-03 -2.96954369e-03 -2.98635780e-03 -3.00320275e-03
 -3.02007841e-03 -3.03698464e-03 -3.05392130e-03 -3.07088825e-03
 -3.08788534e-03 -3.10491245e-03 -3.12196942e-03 -3.13905612e-03
 -3.15617241e-03 -3.17331815e-03 -3.19049320e-03 -3.20769742e-03
 -3.22493067e-03 -3.24219281e-03 -3.25948370e-03 -3.27680319e-03
 -3.29415116e-03 -3.31152746e-03 -3.32893195e-03 -3.34636449e-03
 -3.36382494e-03 -3.38131316e-03 -3.39882901e-03 -3.41637235e-03
 -3.43394305e-03 -3.45154095e-03 -3.46916593e-03 -3.48681784e-03
 -3.50449654e-03 -3.52220189e-03 -3.53993376e-03 -3.55769199e-03
 -3.57547646e-03 -3.59328702e-03 -3.61112354e-03 -3.62898586e-03
 -3.64687386e-03 -3.66478739e-03 -3.68272632e-03 -3.70069050e-03
 -3.71867979e-03 -3.73669406e-03 -3.75473315e-03 -3.77279695e-03
 -3.79088529e-03 -3.80899805e-03 -3.82713509e-03 -3.84529626e-03
 -3.86348142e-03 -3.88169044e-03 -3.89992317e-03 -3.91817948e-03
 -3.93645922e-03 -3.95476226e-03 -3.97308845e-03 -3.99143766e-03
 -4.00980975e-03 -4.02820457e-03 -4.04662198e-03 -4.06506185e-03
 -4.08352404e-03 -4.10200840e-03 -4.12051480e-03 -4.13904310e-03
 -4.15759315e-03 -4.17616482e-03 -4.19475797e-03 -4.21337245e-03
 -4.23200813e-03 -4.25066487e-03 -4.26934252e-03 -4.28804096e-03
 -4.30676003e-03 -4.32549960e-03 -4.34425952e-03 -4.36303967e-03
 -4.38183989e-03 -4.40066005e-03 -4.41950001e-03 -4.43835963e-03
 -4.45723876e-03 -4.47613728e-03 -4.49505503e-03 -4.51399189e-03
 -4.53294770e-03 -4.55192233e-03 -4.57091564e-03 -4.58992749e-03
 -4.60895774e-03 -4.62800625e-03 -4.64707289e-03 -4.66615750e-03
 -4.68525995e-03 -4.70438010e-03 -4.72351781e-03 -4.74267295e-03
 -4.76184536e-03 -4.78103492e-03 -4.80024147e-03 -4.81946489e-03
 -4.83870503e-03 -4.85796175e-03 -4.87723491e-03 -4.89652438e-03
 -4.91583000e-03 -4.93515165e-03 -4.95448918e-03 -4.97384245e-03
 -4.99321133e-03 -5.01259567e-03 -5.03199533e-03 -5.05141017e-03
 -5.07084006e-03 -5.09028485e-03 -5.10974440e-03 -5.12921858e-03
 -5.14870724e-03 -5.16821024e-03 -5.18772745e-03 -5.20725872e-03
 -5.22680392e-03 -5.24636290e-03 -5.26593552e-03 -5.28552165e-03
 -5.30512114e-03 -5.32473386e-03 -5.34435966e-03 -5.36399841e-03
 -5.38364996e-03 -5.40331418e-03 -5.42299093e-03 -5.44268006e-03
 -5.46238143e-03 -5.48209491e-03 -5.50182036e-03 -5.52155763e-03
 -5.54130659e-03 -5.56106710e-03 -5.58083901e-03 -5.60062219e-03
 -5.62041649e-03 -5.64022179e-03 -5.66003793e-03 -5.67986477e-03
 -5.69970219e-03 -5.71955003e-03 -5.73940816e-03 -5.75927644e-03
 -5.77915472e-03 -5.79904287e-03 -5.81894075e-03 -5.83884822e-03
 -5.85876514e-03 -5.87869137e-03 -5.89862676e-03 -5.91857118e-03
 -5.93852450e-03 -5.95848656e-03 -5.97845723e-03 -5.99843637e-03
 -6.01842384e-03 -6.03841950e-03 -6.05842321e-03 -6.07843483e-03
 -6.09845421e-03 -6.11848123e-03 -6.13851574e-03 -6.15855760e-03
 -6.17860667e-03 -6.19866281e-03 -6.21872588e-03 -6.23879575e-03
 -6.25887226e-03 -6.27895528e-03 -6.29904468e-03 -6.31914031e-03
 -6.33924203e-03 -6.35934970e-03 -6.37946318e-03 -6.39958233e-03
 -6.41970702e-03 -6.43983710e-03 -6.45997243e-03 -6.48011288e-03
 -6.50025829e-03 -6.52040854e-03 -6.54056348e-03 -6.56072298e-03
 -6.58088689e-03 -6.60105507e-03 -6.62122739e-03 -6.64140370e-03
 -6.66158386e-03 -6.68176774e-03 -6.70195519e-03 -6.72214607e-03
 -6.74234025e-03 -6.76253759e-03 -6.78273793e-03 -6.80294116e-03
 -6.82314712e-03 -6.84335567e-03 -6.86356668e-03 -6.88378000e-03
 -6.90399550e-03 -6.92421303e-03 -6.94443246e-03 -6.96465365e-03
 -6.98487645e-03 -7.00510073e-03 -7.02532634e-03 -7.04555315e-03
 -7.06578102e-03 -7.08600980e-03 -7.10623936e-03 -7.12646956e-03
 -7.14670025e-03 -7.16693130e-03 -7.18716257e-03 -7.20739391e-03
 -7.22762527e-03 -7.24785662e-03 -7.26808797e-03 -7.28831932e-03
 -7.30855067e-03 -7.32878202e-03 -7.34901337e-03 -7.36924472e-03
 -7.38947608e-03 -7.40970743e-03 -7.42993878e-03 -7.45017013e-03
 -7.47040148e-03 -7.49063283e-03 -7.51086418e-03 -7.53109553e-03
 -7.55132688e-03 -7.57155824e-03 -7.59178959e-03 -7.61202094e-03
 -7.63225229e-03 -7.65248364e-03 -7.67271499e-03 -7.69294634e-03
 -7.71317769e-03 -7.73340905e-03 -7.75364040e-03 -7.77387175e-03
 -7.79410310e-03 -7.81433445e-03 -7.83456580e-03 -7.85479715e-03]